dgs;Traveler: Project;Rosetta Assigned Project;Rosetta State;IDX Assigned Project;imageset;Project State;Projects with no Imageset workflow
104910566;18-0127: Wisconsin, Wisconsin Vital Records Office, Birth Records, 1964-1980 - (Ancestry 47754) - FSI \\ 18-1425: Wisconsin, Wisconsin Vital Records Office, Birth Records, 1964-1980 - (ACOM, NED IMAGES, ROC ONLY) - FSI;[US, Wisconsin—Birth Records, Charge-Out Forms, 1964–1980 \[Part A\]|https://www.familysearch.org/indexing/admin-new/#/projects/464D15CB-E7AB-4E2A-B8EE-5801228C5B68/overview] \\ [US, Wisconsin—Birth Records, 1964–1980|https://www.familysearch.org/indexing/admin-new/#/projects/BBAAD840-13AA-4D2A-A481-583F595F2ECB/overview];In Production \\ In Production;[US, Wisconsin—Birth Records, 1964–1980|https://www.familysearch.org/indexing/admin-new/#/projects/BBAAD840-13AA-4D2A-A481-583F595F2ECB/overview];[66F29521-ACB1-4C02-B089-6EEAACC376A1|https://www.familysearch.org/indexing/admin-new/#/projects/BBAAD840-13AA-4D2A-A481-583F595F2ECB/manage/66F29521-ACB1-4C02-B089-6EEAACC376A1/batches/list];READY_FOR_DELIVERY;
104910567;18-0127: Wisconsin, Wisconsin Vital Records Office, Birth Records, 1964-1980 - (Ancestry 47754) - FSI \\ 18-1425: Wisconsin, Wisconsin Vital Records Office, Birth Records, 1964-1980 - (ACOM, NED IMAGES, ROC ONLY) - FSI;[US, Wisconsin—Birth Records, Charge-Out Forms, 1964–1980 \[Part A\]|https://www.familysearch.org/indexing/admin-new/#/projects/464D15CB-E7AB-4E2A-B8EE-5801228C5B68/overview] \\ [US, Wisconsin—Birth Records, 1964–1980|https://www.familysearch.org/indexing/admin-new/#/projects/BBAAD840-13AA-4D2A-A481-583F595F2ECB/overview];In Production \\ In Production;[US, Wisconsin—Birth Records, 1964–1980|https://www.familysearch.org/indexing/admin-new/#/projects/BBAAD840-13AA-4D2A-A481-583F595F2ECB/overview];[ABD49EB3-BA9D-4638-864E-EC171A8A296C|https://www.familysearch.org/indexing/admin-new/#/projects/BBAAD840-13AA-4D2A-A481-583F595F2ECB/manage/ABD49EB3-BA9D-4638-864E-EC171A8A296C/batches/list];READY_FOR_DELIVERY;
104910568;18-0127: Wisconsin, Wisconsin Vital Records Office, Birth Records, 1964-1980 - (Ancestry 47754) - FSI \\ 18-1425: Wisconsin, Wisconsin Vital Records Office, Birth Records, 1964-1980 - (ACOM, NED IMAGES, ROC ONLY) - FSI;[US, Wisconsin—Birth Records, Charge-Out Forms, 1964–1980 \[Part A\]|https://www.familysearch.org/indexing/admin-new/#/projects/464D15CB-E7AB-4E2A-B8EE-5801228C5B68/overview] \\ [US, Wisconsin—Birth Records, 1964–1980|https://www.familysearch.org/indexing/admin-new/#/projects/BBAAD840-13AA-4D2A-A481-583F595F2ECB/overview];In Production \\ In Production;[US, Wisconsin—Birth Records, 1964–1980|https://www.familysearch.org/indexing/admin-new/#/projects/BBAAD840-13AA-4D2A-A481-583F595F2ECB/overview];[8D9760B1-5BE9-40B9-888F-6D8440CAE29B|https://www.familysearch.org/indexing/admin-new/#/projects/BBAAD840-13AA-4D2A-A481-583F595F2ECB/manage/8D9760B1-5BE9-40B9-888F-6D8440CAE29B/batches/list];READY_FOR_DELIVERY;
104910569;18-0127: Wisconsin, Wisconsin Vital Records Office, Birth Records, 1964-1980 - (Ancestry 47754) - FSI \\ 18-1425: Wisconsin, Wisconsin Vital Records Office, Birth Records, 1964-1980 - (ACOM, NED IMAGES, ROC ONLY) - FSI;[US, Wisconsin—Birth Records, Charge-Out Forms, 1964–1980 \[Part A\]|https://www.familysearch.org/indexing/admin-new/#/projects/464D15CB-E7AB-4E2A-B8EE-5801228C5B68/overview] \\ [US, Wisconsin—Birth Records, 1964–1980|https://www.familysearch.org/indexing/admin-new/#/projects/BBAAD840-13AA-4D2A-A481-583F595F2ECB/overview];In Production \\ In Production;[US, Wisconsin—Birth Records, 1964–1980|https://www.familysearch.org/indexing/admin-new/#/projects/BBAAD840-13AA-4D2A-A481-583F595F2ECB/overview];[5F65AC22-48B8-407F-89EB-7EE09E7CF674|https://www.familysearch.org/indexing/admin-new/#/projects/BBAAD840-13AA-4D2A-A481-583F595F2ECB/manage/5F65AC22-48B8-407F-89EB-7EE09E7CF674/batches/list];READY_FOR_DELIVERY;
104910570;18-0127: Wisconsin, Wisconsin Vital Records Office, Birth Records, 1964-1980 - (Ancestry 47754) - FSI \\ 18-1425: Wisconsin, Wisconsin Vital Records Office, Birth Records, 1964-1980 - (ACOM, NED IMAGES, ROC ONLY) - FSI;[US, Wisconsin—Birth Records, Charge-Out Forms, 1964–1980 \[Part A\]|https://www.familysearch.org/indexing/admin-new/#/projects/464D15CB-E7AB-4E2A-B8EE-5801228C5B68/overview] \\ [US, Wisconsin—Birth Records, 1964–1980|https://www.familysearch.org/indexing/admin-new/#/projects/BBAAD840-13AA-4D2A-A481-583F595F2ECB/overview];In Production \\ In Production;[US, Wisconsin—Birth Records, 1964–1980|https://www.familysearch.org/indexing/admin-new/#/projects/BBAAD840-13AA-4D2A-A481-583F595F2ECB/overview];[AC1C0D1E-1866-49A9-A942-13FDEFFAF4DF|https://www.familysearch.org/indexing/admin-new/#/projects/BBAAD840-13AA-4D2A-A481-583F595F2ECB/manage/AC1C0D1E-1866-49A9-A942-13FDEFFAF4DF/batches/list];READY_FOR_DELIVERY;
104910571;18-0127: Wisconsin, Wisconsin Vital Records Office, Birth Records, 1964-1980 - (Ancestry 47754) - FSI \\ 18-1425: Wisconsin, Wisconsin Vital Records Office, Birth Records, 1964-1980 - (ACOM, NED IMAGES, ROC ONLY) - FSI;[US, Wisconsin—Birth Records, Charge-Out Forms, 1964–1980 \[Part A\]|https://www.familysearch.org/indexing/admin-new/#/projects/464D15CB-E7AB-4E2A-B8EE-5801228C5B68/overview] \\ [US, Wisconsin—Birth Records, 1964–1980|https://www.familysearch.org/indexing/admin-new/#/projects/BBAAD840-13AA-4D2A-A481-583F595F2ECB/overview];In Production \\ In Production;[US, Wisconsin—Birth Records, 1964–1980|https://www.familysearch.org/indexing/admin-new/#/projects/BBAAD840-13AA-4D2A-A481-583F595F2ECB/overview];[67C0ABFD-E7FD-40E6-B629-650870DA26F5|https://www.familysearch.org/indexing/admin-new/#/projects/BBAAD840-13AA-4D2A-A481-583F595F2ECB/manage/67C0ABFD-E7FD-40E6-B629-650870DA26F5/batches/list];READY_FOR_DELIVERY;
104910572;18-0127: Wisconsin, Wisconsin Vital Records Office, Birth Records, 1964-1980 - (Ancestry 47754) - FSI \\ 18-1425: Wisconsin, Wisconsin Vital Records Office, Birth Records, 1964-1980 - (ACOM, NED IMAGES, ROC ONLY) - FSI;[US, Wisconsin—Birth Records, Charge-Out Forms, 1964–1980 \[Part A\]|https://www.familysearch.org/indexing/admin-new/#/projects/464D15CB-E7AB-4E2A-B8EE-5801228C5B68/overview] \\ [US, Wisconsin—Birth Records, 1964–1980|https://www.familysearch.org/indexing/admin-new/#/projects/BBAAD840-13AA-4D2A-A481-583F595F2ECB/overview];In Production \\ In Production;[US, Wisconsin—Birth Records, 1964–1980|https://www.familysearch.org/indexing/admin-new/#/projects/BBAAD840-13AA-4D2A-A481-583F595F2ECB/overview];[09CBFAD6-4973-4408-9C65-9F2F284841B9|https://www.familysearch.org/indexing/admin-new/#/projects/BBAAD840-13AA-4D2A-A481-583F595F2ECB/manage/09CBFAD6-4973-4408-9C65-9F2F284841B9/batches/list];READY_FOR_DELIVERY;
104910573;18-0127: Wisconsin, Wisconsin Vital Records Office, Birth Records, 1964-1980 - (Ancestry 47754) - FSI \\ 18-1425: Wisconsin, Wisconsin Vital Records Office, Birth Records, 1964-1980 - (ACOM, NED IMAGES, ROC ONLY) - FSI;[US, Wisconsin—Birth Records, Charge-Out Forms, 1964–1980 \[Part A\]|https://www.familysearch.org/indexing/admin-new/#/projects/464D15CB-E7AB-4E2A-B8EE-5801228C5B68/overview] \\ [US, Wisconsin—Birth Records, 1964–1980|https://www.familysearch.org/indexing/admin-new/#/projects/BBAAD840-13AA-4D2A-A481-583F595F2ECB/overview];In Production \\ In Production;[US, Wisconsin—Birth Records, 1964–1980|https://www.familysearch.org/indexing/admin-new/#/projects/BBAAD840-13AA-4D2A-A481-583F595F2ECB/overview];[D70DE44E-928A-4491-A6B0-1F9243F868F8|https://www.familysearch.org/indexing/admin-new/#/projects/BBAAD840-13AA-4D2A-A481-583F595F2ECB/manage/D70DE44E-928A-4491-A6B0-1F9243F868F8/batches/list];READY_FOR_DELIVERY;
104910574;18-0127: Wisconsin, Wisconsin Vital Records Office, Birth Records, 1964-1980 - (Ancestry 47754) - FSI \\ 18-1425: Wisconsin, Wisconsin Vital Records Office, Birth Records, 1964-1980 - (ACOM, NED IMAGES, ROC ONLY) - FSI;[US, Wisconsin—Birth Records, Charge-Out Forms, 1964–1980 \[Part A\]|https://www.familysearch.org/indexing/admin-new/#/projects/464D15CB-E7AB-4E2A-B8EE-5801228C5B68/overview] \\ [US, Wisconsin—Birth Records, 1964–1980|https://www.familysearch.org/indexing/admin-new/#/projects/BBAAD840-13AA-4D2A-A481-583F595F2ECB/overview];In Production \\ In Production;[US, Wisconsin—Birth Records, 1964–1980|https://www.familysearch.org/indexing/admin-new/#/projects/BBAAD840-13AA-4D2A-A481-583F595F2ECB/overview];[A9F63D46-0437-4CF1-BA86-B590AED3B086|https://www.familysearch.org/indexing/admin-new/#/projects/BBAAD840-13AA-4D2A-A481-583F595F2ECB/manage/A9F63D46-0437-4CF1-BA86-B590AED3B086/batches/list];READY_FOR_DELIVERY;
104910575;18-0127: Wisconsin, Wisconsin Vital Records Office, Birth Records, 1964-1980 - (Ancestry 47754) - FSI \\ 18-1425: Wisconsin, Wisconsin Vital Records Office, Birth Records, 1964-1980 - (ACOM, NED IMAGES, ROC ONLY) - FSI;[US, Wisconsin—Birth Records, Charge-Out Forms, 1964–1980 \[Part A\]|https://www.familysearch.org/indexing/admin-new/#/projects/464D15CB-E7AB-4E2A-B8EE-5801228C5B68/overview] \\ [US, Wisconsin—Birth Records, 1964–1980|https://www.familysearch.org/indexing/admin-new/#/projects/BBAAD840-13AA-4D2A-A481-583F595F2ECB/overview];In Production \\ In Production;[US, Wisconsin—Birth Records, 1964–1980|https://www.familysearch.org/indexing/admin-new/#/projects/BBAAD840-13AA-4D2A-A481-583F595F2ECB/overview];[31F864E7-5DFA-496E-B0B1-A715C8C2EF49|https://www.familysearch.org/indexing/admin-new/#/projects/BBAAD840-13AA-4D2A-A481-583F595F2ECB/manage/31F864E7-5DFA-496E-B0B1-A715C8C2EF49/batches/list];READY_FOR_DELIVERY;
104910576;18-0127: Wisconsin, Wisconsin Vital Records Office, Birth Records, 1964-1980 - (Ancestry 47754) - FSI \\ 18-1425: Wisconsin, Wisconsin Vital Records Office, Birth Records, 1964-1980 - (ACOM, NED IMAGES, ROC ONLY) - FSI;[US, Wisconsin—Birth Records, Charge-Out Forms, 1964–1980 \[Part A\]|https://www.familysearch.org/indexing/admin-new/#/projects/464D15CB-E7AB-4E2A-B8EE-5801228C5B68/overview] \\ [US, Wisconsin—Birth Records, 1964–1980|https://www.familysearch.org/indexing/admin-new/#/projects/BBAAD840-13AA-4D2A-A481-583F595F2ECB/overview];In Production \\ In Production;[US, Wisconsin—Birth Records, 1964–1980|https://www.familysearch.org/indexing/admin-new/#/projects/BBAAD840-13AA-4D2A-A481-583F595F2ECB/overview];[03903BD3-D0BB-4022-82F4-4B57245C2A8C|https://www.familysearch.org/indexing/admin-new/#/projects/BBAAD840-13AA-4D2A-A481-583F595F2ECB/manage/03903BD3-D0BB-4022-82F4-4B57245C2A8C/batches/list];READY_FOR_DELIVERY;
104910577;18-0127: Wisconsin, Wisconsin Vital Records Office, Birth Records, 1964-1980 - (Ancestry 47754) - FSI \\ 18-1425: Wisconsin, Wisconsin Vital Records Office, Birth Records, 1964-1980 - (ACOM, NED IMAGES, ROC ONLY) - FSI;[US, Wisconsin—Birth Records, Charge-Out Forms, 1964–1980 \[Part A\]|https://www.familysearch.org/indexing/admin-new/#/projects/464D15CB-E7AB-4E2A-B8EE-5801228C5B68/overview] \\ [US, Wisconsin—Birth Records, 1964–1980|https://www.familysearch.org/indexing/admin-new/#/projects/BBAAD840-13AA-4D2A-A481-583F595F2ECB/overview];In Production \\ In Production;[US, Wisconsin—Birth Records, 1964–1980|https://www.familysearch.org/indexing/admin-new/#/projects/BBAAD840-13AA-4D2A-A481-583F595F2ECB/overview];[58EE0EE6-F266-49D5-B0CB-973881E9799E|https://www.familysearch.org/indexing/admin-new/#/projects/BBAAD840-13AA-4D2A-A481-583F595F2ECB/manage/58EE0EE6-F266-49D5-B0CB-973881E9799E/batches/list];READY_FOR_DELIVERY;
104910578;18-0127: Wisconsin, Wisconsin Vital Records Office, Birth Records, 1964-1980 - (Ancestry 47754) - FSI \\ 18-1425: Wisconsin, Wisconsin Vital Records Office, Birth Records, 1964-1980 - (ACOM, NED IMAGES, ROC ONLY) - FSI;[US, Wisconsin—Birth Records, Charge-Out Forms, 1964–1980 \[Part A\]|https://www.familysearch.org/indexing/admin-new/#/projects/464D15CB-E7AB-4E2A-B8EE-5801228C5B68/overview] \\ [US, Wisconsin—Birth Records, 1964–1980|https://www.familysearch.org/indexing/admin-new/#/projects/BBAAD840-13AA-4D2A-A481-583F595F2ECB/overview];In Production \\ In Production;[US, Wisconsin—Birth Records, 1964–1980|https://www.familysearch.org/indexing/admin-new/#/projects/BBAAD840-13AA-4D2A-A481-583F595F2ECB/overview];[02012D0F-079C-4502-945B-36DDF2F53506|https://www.familysearch.org/indexing/admin-new/#/projects/BBAAD840-13AA-4D2A-A481-583F595F2ECB/manage/02012D0F-079C-4502-945B-36DDF2F53506/batches/list];READY_FOR_DELIVERY;
104910579;18-0127: Wisconsin, Wisconsin Vital Records Office, Birth Records, 1964-1980 - (Ancestry 47754) - FSI \\ 18-1425: Wisconsin, Wisconsin Vital Records Office, Birth Records, 1964-1980 - (ACOM, NED IMAGES, ROC ONLY) - FSI;[US, Wisconsin—Birth Records, Charge-Out Forms, 1964–1980 \[Part A\]|https://www.familysearch.org/indexing/admin-new/#/projects/464D15CB-E7AB-4E2A-B8EE-5801228C5B68/overview] \\ [US, Wisconsin—Birth Records, 1964–1980|https://www.familysearch.org/indexing/admin-new/#/projects/BBAAD840-13AA-4D2A-A481-583F595F2ECB/overview];In Production \\ In Production;[US, Wisconsin—Birth Records, 1964–1980|https://www.familysearch.org/indexing/admin-new/#/projects/BBAAD840-13AA-4D2A-A481-583F595F2ECB/overview];[5F927BEB-8B9A-4344-863F-95B2B8F33FC3|https://www.familysearch.org/indexing/admin-new/#/projects/BBAAD840-13AA-4D2A-A481-583F595F2ECB/manage/5F927BEB-8B9A-4344-863F-95B2B8F33FC3/batches/list];READY_FOR_DELIVERY;
104910580;18-0127: Wisconsin, Wisconsin Vital Records Office, Birth Records, 1964-1980 - (Ancestry 47754) - FSI \\ 18-1425: Wisconsin, Wisconsin Vital Records Office, Birth Records, 1964-1980 - (ACOM, NED IMAGES, ROC ONLY) - FSI;[US, Wisconsin—Birth Records, Charge-Out Forms, 1964–1980 \[Part A\]|https://www.familysearch.org/indexing/admin-new/#/projects/464D15CB-E7AB-4E2A-B8EE-5801228C5B68/overview] \\ [US, Wisconsin—Birth Records, 1964–1980|https://www.familysearch.org/indexing/admin-new/#/projects/BBAAD840-13AA-4D2A-A481-583F595F2ECB/overview];In Production \\ In Production;[US, Wisconsin—Birth Records, 1964–1980|https://www.familysearch.org/indexing/admin-new/#/projects/BBAAD840-13AA-4D2A-A481-583F595F2ECB/overview];[9C2AF822-95D2-4311-9BD1-60F2F6146F62|https://www.familysearch.org/indexing/admin-new/#/projects/BBAAD840-13AA-4D2A-A481-583F595F2ECB/manage/9C2AF822-95D2-4311-9BD1-60F2F6146F62/batches/list];READY_FOR_DELIVERY;
104910581;18-0127: Wisconsin, Wisconsin Vital Records Office, Birth Records, 1964-1980 - (Ancestry 47754) - FSI \\ 18-1425: Wisconsin, Wisconsin Vital Records Office, Birth Records, 1964-1980 - (ACOM, NED IMAGES, ROC ONLY) - FSI;[US, Wisconsin—Birth Records, Charge-Out Forms, 1964–1980 \[Part A\]|https://www.familysearch.org/indexing/admin-new/#/projects/464D15CB-E7AB-4E2A-B8EE-5801228C5B68/overview] \\ [US, Wisconsin—Birth Records, 1964–1980|https://www.familysearch.org/indexing/admin-new/#/projects/BBAAD840-13AA-4D2A-A481-583F595F2ECB/overview];In Production \\ In Production;[US, Wisconsin—Birth Records, 1964–1980|https://www.familysearch.org/indexing/admin-new/#/projects/BBAAD840-13AA-4D2A-A481-583F595F2ECB/overview];[DE0B2A79-AE86-4EE6-9D1A-4350FC54EB8D|https://www.familysearch.org/indexing/admin-new/#/projects/BBAAD840-13AA-4D2A-A481-583F595F2ECB/manage/DE0B2A79-AE86-4EE6-9D1A-4350FC54EB8D/batches/list];READY_FOR_DELIVERY;
104910582;18-0127: Wisconsin, Wisconsin Vital Records Office, Birth Records, 1964-1980 - (Ancestry 47754) - FSI \\ 18-1425: Wisconsin, Wisconsin Vital Records Office, Birth Records, 1964-1980 - (ACOM, NED IMAGES, ROC ONLY) - FSI;[US, Wisconsin—Birth Records, Charge-Out Forms, 1964–1980 \[Part A\]|https://www.familysearch.org/indexing/admin-new/#/projects/464D15CB-E7AB-4E2A-B8EE-5801228C5B68/overview] \\ [US, Wisconsin—Birth Records, 1964–1980|https://www.familysearch.org/indexing/admin-new/#/projects/BBAAD840-13AA-4D2A-A481-583F595F2ECB/overview];In Production \\ In Production;[US, Wisconsin—Birth Records, 1964–1980|https://www.familysearch.org/indexing/admin-new/#/projects/BBAAD840-13AA-4D2A-A481-583F595F2ECB/overview];[688DC566-7C0F-4CD5-B815-951088032C62|https://www.familysearch.org/indexing/admin-new/#/projects/BBAAD840-13AA-4D2A-A481-583F595F2ECB/manage/688DC566-7C0F-4CD5-B815-951088032C62/batches/list];READY_FOR_DELIVERY;
104910583;18-0127: Wisconsin, Wisconsin Vital Records Office, Birth Records, 1964-1980 - (Ancestry 47754) - FSI \\ 18-1425: Wisconsin, Wisconsin Vital Records Office, Birth Records, 1964-1980 - (ACOM, NED IMAGES, ROC ONLY) - FSI;[US, Wisconsin—Birth Records, Charge-Out Forms, 1964–1980 \[Part A\]|https://www.familysearch.org/indexing/admin-new/#/projects/464D15CB-E7AB-4E2A-B8EE-5801228C5B68/overview] \\ [US, Wisconsin—Birth Records, 1964–1980|https://www.familysearch.org/indexing/admin-new/#/projects/BBAAD840-13AA-4D2A-A481-583F595F2ECB/overview];In Production \\ In Production;[US, Wisconsin—Birth Records, 1964–1980|https://www.familysearch.org/indexing/admin-new/#/projects/BBAAD840-13AA-4D2A-A481-583F595F2ECB/overview];[84346C32-8C00-4C4D-A860-7044EB8AB17C|https://www.familysearch.org/indexing/admin-new/#/projects/BBAAD840-13AA-4D2A-A481-583F595F2ECB/manage/84346C32-8C00-4C4D-A860-7044EB8AB17C/batches/list];READY_FOR_DELIVERY;
104910584;18-0127: Wisconsin, Wisconsin Vital Records Office, Birth Records, 1964-1980 - (Ancestry 47754) - FSI \\ 18-1425: Wisconsin, Wisconsin Vital Records Office, Birth Records, 1964-1980 - (ACOM, NED IMAGES, ROC ONLY) - FSI;[US, Wisconsin—Birth Records, Charge-Out Forms, 1964–1980 \[Part A\]|https://www.familysearch.org/indexing/admin-new/#/projects/464D15CB-E7AB-4E2A-B8EE-5801228C5B68/overview] \\ [US, Wisconsin—Birth Records, 1964–1980|https://www.familysearch.org/indexing/admin-new/#/projects/BBAAD840-13AA-4D2A-A481-583F595F2ECB/overview];In Production \\ In Production;[US, Wisconsin—Birth Records, 1964–1980|https://www.familysearch.org/indexing/admin-new/#/projects/BBAAD840-13AA-4D2A-A481-583F595F2ECB/overview];[1B0A4CA1-541A-4E05-9BE9-3DDDDD65F7E3|https://www.familysearch.org/indexing/admin-new/#/projects/BBAAD840-13AA-4D2A-A481-583F595F2ECB/manage/1B0A4CA1-541A-4E05-9BE9-3DDDDD65F7E3/batches/list];READY_FOR_DELIVERY;
104910585;18-0127: Wisconsin, Wisconsin Vital Records Office, Birth Records, 1964-1980 - (Ancestry 47754) - FSI \\ 18-1425: Wisconsin, Wisconsin Vital Records Office, Birth Records, 1964-1980 - (ACOM, NED IMAGES, ROC ONLY) - FSI;[US, Wisconsin—Birth Records, Charge-Out Forms, 1964–1980 \[Part A\]|https://www.familysearch.org/indexing/admin-new/#/projects/464D15CB-E7AB-4E2A-B8EE-5801228C5B68/overview] \\ [US, Wisconsin—Birth Records, 1964–1980|https://www.familysearch.org/indexing/admin-new/#/projects/BBAAD840-13AA-4D2A-A481-583F595F2ECB/overview];In Production \\ In Production;[US, Wisconsin—Birth Records, 1964–1980|https://www.familysearch.org/indexing/admin-new/#/projects/BBAAD840-13AA-4D2A-A481-583F595F2ECB/overview];[7E9F96C8-CD14-4526-9823-FFB67BEBD0D7|https://www.familysearch.org/indexing/admin-new/#/projects/BBAAD840-13AA-4D2A-A481-583F595F2ECB/manage/7E9F96C8-CD14-4526-9823-FFB67BEBD0D7/batches/list];READY_FOR_DELIVERY;
104910586;18-0127: Wisconsin, Wisconsin Vital Records Office, Birth Records, 1964-1980 - (Ancestry 47754) - FSI \\ 18-1425: Wisconsin, Wisconsin Vital Records Office, Birth Records, 1964-1980 - (ACOM, NED IMAGES, ROC ONLY) - FSI;[US, Wisconsin—Birth Records, Charge-Out Forms, 1964–1980 \[Part A\]|https://www.familysearch.org/indexing/admin-new/#/projects/464D15CB-E7AB-4E2A-B8EE-5801228C5B68/overview] \\ [US, Wisconsin—Birth Records, 1964–1980|https://www.familysearch.org/indexing/admin-new/#/projects/BBAAD840-13AA-4D2A-A481-583F595F2ECB/overview];In Production \\ In Production;[US, Wisconsin—Birth Records, 1964–1980|https://www.familysearch.org/indexing/admin-new/#/projects/BBAAD840-13AA-4D2A-A481-583F595F2ECB/overview];[890A0F4F-3083-4B3B-983B-6F0A5657C0F5|https://www.familysearch.org/indexing/admin-new/#/projects/BBAAD840-13AA-4D2A-A481-583F595F2ECB/manage/890A0F4F-3083-4B3B-983B-6F0A5657C0F5/batches/list];READY_FOR_DELIVERY;
104910587;18-0127: Wisconsin, Wisconsin Vital Records Office, Birth Records, 1964-1980 - (Ancestry 47754) - FSI \\ 18-1425: Wisconsin, Wisconsin Vital Records Office, Birth Records, 1964-1980 - (ACOM, NED IMAGES, ROC ONLY) - FSI;[US, Wisconsin—Birth Records, Charge-Out Forms, 1964–1980 \[Part A\]|https://www.familysearch.org/indexing/admin-new/#/projects/464D15CB-E7AB-4E2A-B8EE-5801228C5B68/overview] \\ [US, Wisconsin—Birth Records, 1964–1980|https://www.familysearch.org/indexing/admin-new/#/projects/BBAAD840-13AA-4D2A-A481-583F595F2ECB/overview];In Production \\ In Production;[US, Wisconsin—Birth Records, 1964–1980|https://www.familysearch.org/indexing/admin-new/#/projects/BBAAD840-13AA-4D2A-A481-583F595F2ECB/overview];[D2609C16-D155-4554-B92A-857626678E30|https://www.familysearch.org/indexing/admin-new/#/projects/BBAAD840-13AA-4D2A-A481-583F595F2ECB/manage/D2609C16-D155-4554-B92A-857626678E30/batches/list];READY_FOR_DELIVERY;
104910588;18-0127: Wisconsin, Wisconsin Vital Records Office, Birth Records, 1964-1980 - (Ancestry 47754) - FSI \\ 18-1425: Wisconsin, Wisconsin Vital Records Office, Birth Records, 1964-1980 - (ACOM, NED IMAGES, ROC ONLY) - FSI;[US, Wisconsin—Birth Records, Charge-Out Forms, 1964–1980 \[Part A\]|https://www.familysearch.org/indexing/admin-new/#/projects/464D15CB-E7AB-4E2A-B8EE-5801228C5B68/overview] \\ [US, Wisconsin—Birth Records, 1964–1980|https://www.familysearch.org/indexing/admin-new/#/projects/BBAAD840-13AA-4D2A-A481-583F595F2ECB/overview];In Production \\ In Production;[US, Wisconsin—Birth Records, 1964–1980|https://www.familysearch.org/indexing/admin-new/#/projects/BBAAD840-13AA-4D2A-A481-583F595F2ECB/overview];[36357D85-EC08-4895-8ADF-BC1D36CA7B0F|https://www.familysearch.org/indexing/admin-new/#/projects/BBAAD840-13AA-4D2A-A481-583F595F2ECB/manage/36357D85-EC08-4895-8ADF-BC1D36CA7B0F/batches/list];READY_FOR_DELIVERY;
104910589;18-0127: Wisconsin, Wisconsin Vital Records Office, Birth Records, 1964-1980 - (Ancestry 47754) - FSI \\ 18-1425: Wisconsin, Wisconsin Vital Records Office, Birth Records, 1964-1980 - (ACOM, NED IMAGES, ROC ONLY) - FSI;[US, Wisconsin—Birth Records, Charge-Out Forms, 1964–1980 \[Part A\]|https://www.familysearch.org/indexing/admin-new/#/projects/464D15CB-E7AB-4E2A-B8EE-5801228C5B68/overview] \\ [US, Wisconsin—Birth Records, 1964–1980|https://www.familysearch.org/indexing/admin-new/#/projects/BBAAD840-13AA-4D2A-A481-583F595F2ECB/overview];In Production \\ In Production;[US, Wisconsin—Birth Records, 1964–1980|https://www.familysearch.org/indexing/admin-new/#/projects/BBAAD840-13AA-4D2A-A481-583F595F2ECB/overview];[D5165EF8-0DD7-44C2-8F7D-B170312A0915|https://www.familysearch.org/indexing/admin-new/#/projects/BBAAD840-13AA-4D2A-A481-583F595F2ECB/manage/D5165EF8-0DD7-44C2-8F7D-B170312A0915/batches/list];READY_FOR_DELIVERY;
104910590;18-0127: Wisconsin, Wisconsin Vital Records Office, Birth Records, 1964-1980 - (Ancestry 47754) - FSI \\ 18-1425: Wisconsin, Wisconsin Vital Records Office, Birth Records, 1964-1980 - (ACOM, NED IMAGES, ROC ONLY) - FSI;[US, Wisconsin—Birth Records, Charge-Out Forms, 1964–1980 \[Part A\]|https://www.familysearch.org/indexing/admin-new/#/projects/464D15CB-E7AB-4E2A-B8EE-5801228C5B68/overview] \\ [US, Wisconsin—Birth Records, 1964–1980|https://www.familysearch.org/indexing/admin-new/#/projects/BBAAD840-13AA-4D2A-A481-583F595F2ECB/overview];In Production \\ In Production;[US, Wisconsin—Birth Records, 1964–1980|https://www.familysearch.org/indexing/admin-new/#/projects/BBAAD840-13AA-4D2A-A481-583F595F2ECB/overview];[ACA03C0B-47CD-4F1F-91E6-5D480CAE7DA4|https://www.familysearch.org/indexing/admin-new/#/projects/BBAAD840-13AA-4D2A-A481-583F595F2ECB/manage/ACA03C0B-47CD-4F1F-91E6-5D480CAE7DA4/batches/list];READY_FOR_DELIVERY;
104910591;18-0127: Wisconsin, Wisconsin Vital Records Office, Birth Records, 1964-1980 - (Ancestry 47754) - FSI \\ 18-1425: Wisconsin, Wisconsin Vital Records Office, Birth Records, 1964-1980 - (ACOM, NED IMAGES, ROC ONLY) - FSI;[US, Wisconsin—Birth Records, Charge-Out Forms, 1964–1980 \[Part A\]|https://www.familysearch.org/indexing/admin-new/#/projects/464D15CB-E7AB-4E2A-B8EE-5801228C5B68/overview] \\ [US, Wisconsin—Birth Records, 1964–1980|https://www.familysearch.org/indexing/admin-new/#/projects/BBAAD840-13AA-4D2A-A481-583F595F2ECB/overview];In Production \\ In Production;[US, Wisconsin—Birth Records, 1964–1980|https://www.familysearch.org/indexing/admin-new/#/projects/BBAAD840-13AA-4D2A-A481-583F595F2ECB/overview];[C6F95C0D-6341-49F8-B125-5FA2DDAE6F96|https://www.familysearch.org/indexing/admin-new/#/projects/BBAAD840-13AA-4D2A-A481-583F595F2ECB/manage/C6F95C0D-6341-49F8-B125-5FA2DDAE6F96/batches/list];READY_FOR_DELIVERY;
104910592;18-0127: Wisconsin, Wisconsin Vital Records Office, Birth Records, 1964-1980 - (Ancestry 47754) - FSI \\ 18-1425: Wisconsin, Wisconsin Vital Records Office, Birth Records, 1964-1980 - (ACOM, NED IMAGES, ROC ONLY) - FSI;[US, Wisconsin—Birth Records, Charge-Out Forms, 1964–1980 \[Part A\]|https://www.familysearch.org/indexing/admin-new/#/projects/464D15CB-E7AB-4E2A-B8EE-5801228C5B68/overview] \\ [US, Wisconsin—Birth Records, 1964–1980|https://www.familysearch.org/indexing/admin-new/#/projects/BBAAD840-13AA-4D2A-A481-583F595F2ECB/overview];In Production \\ In Production;[US, Wisconsin—Birth Records, 1964–1980|https://www.familysearch.org/indexing/admin-new/#/projects/BBAAD840-13AA-4D2A-A481-583F595F2ECB/overview];[8D5F5BC8-CAE6-4D96-AD28-181FB52801C3|https://www.familysearch.org/indexing/admin-new/#/projects/BBAAD840-13AA-4D2A-A481-583F595F2ECB/manage/8D5F5BC8-CAE6-4D96-AD28-181FB52801C3/batches/list];READY_FOR_DELIVERY;
104910593;18-0127: Wisconsin, Wisconsin Vital Records Office, Birth Records, 1964-1980 - (Ancestry 47754) - FSI \\ 18-1425: Wisconsin, Wisconsin Vital Records Office, Birth Records, 1964-1980 - (ACOM, NED IMAGES, ROC ONLY) - FSI;[US, Wisconsin—Birth Records, Charge-Out Forms, 1964–1980 \[Part A\]|https://www.familysearch.org/indexing/admin-new/#/projects/464D15CB-E7AB-4E2A-B8EE-5801228C5B68/overview] \\ [US, Wisconsin—Birth Records, 1964–1980|https://www.familysearch.org/indexing/admin-new/#/projects/BBAAD840-13AA-4D2A-A481-583F595F2ECB/overview];In Production \\ In Production;[US, Wisconsin—Birth Records, 1964–1980|https://www.familysearch.org/indexing/admin-new/#/projects/BBAAD840-13AA-4D2A-A481-583F595F2ECB/overview];[5800A805-73AD-4099-A5F2-4F1828D12343|https://www.familysearch.org/indexing/admin-new/#/projects/BBAAD840-13AA-4D2A-A481-583F595F2ECB/manage/5800A805-73AD-4099-A5F2-4F1828D12343/batches/list];READY_FOR_DELIVERY;
104910594;18-0127: Wisconsin, Wisconsin Vital Records Office, Birth Records, 1964-1980 - (Ancestry 47754) - FSI \\ 18-1425: Wisconsin, Wisconsin Vital Records Office, Birth Records, 1964-1980 - (ACOM, NED IMAGES, ROC ONLY) - FSI;[US, Wisconsin—Birth Records, Charge-Out Forms, 1964–1980 \[Part A\]|https://www.familysearch.org/indexing/admin-new/#/projects/464D15CB-E7AB-4E2A-B8EE-5801228C5B68/overview] \\ [US, Wisconsin—Birth Records, 1964–1980|https://www.familysearch.org/indexing/admin-new/#/projects/BBAAD840-13AA-4D2A-A481-583F595F2ECB/overview];In Production \\ In Production;[US, Wisconsin—Birth Records, 1964–1980|https://www.familysearch.org/indexing/admin-new/#/projects/BBAAD840-13AA-4D2A-A481-583F595F2ECB/overview];[4BE012A2-4DEB-4E5E-BCB6-BEA097F1EA30|https://www.familysearch.org/indexing/admin-new/#/projects/BBAAD840-13AA-4D2A-A481-583F595F2ECB/manage/4BE012A2-4DEB-4E5E-BCB6-BEA097F1EA30/batches/list];READY_FOR_DELIVERY;
104910595;18-0127: Wisconsin, Wisconsin Vital Records Office, Birth Records, 1964-1980 - (Ancestry 47754) - FSI \\ 18-1425: Wisconsin, Wisconsin Vital Records Office, Birth Records, 1964-1980 - (ACOM, NED IMAGES, ROC ONLY) - FSI;[US, Wisconsin—Birth Records, Charge-Out Forms, 1964–1980 \[Part A\]|https://www.familysearch.org/indexing/admin-new/#/projects/464D15CB-E7AB-4E2A-B8EE-5801228C5B68/overview] \\ [US, Wisconsin—Birth Records, 1964–1980|https://www.familysearch.org/indexing/admin-new/#/projects/BBAAD840-13AA-4D2A-A481-583F595F2ECB/overview];In Production \\ In Production;[US, Wisconsin—Birth Records, 1964–1980|https://www.familysearch.org/indexing/admin-new/#/projects/BBAAD840-13AA-4D2A-A481-583F595F2ECB/overview];[2D1008B6-3D24-4843-8A70-E2EAD6530BF7|https://www.familysearch.org/indexing/admin-new/#/projects/BBAAD840-13AA-4D2A-A481-583F595F2ECB/manage/2D1008B6-3D24-4843-8A70-E2EAD6530BF7/batches/list];READY_FOR_DELIVERY;
104910596;18-0127: Wisconsin, Wisconsin Vital Records Office, Birth Records, 1964-1980 - (Ancestry 47754) - FSI \\ 18-1425: Wisconsin, Wisconsin Vital Records Office, Birth Records, 1964-1980 - (ACOM, NED IMAGES, ROC ONLY) - FSI;[US, Wisconsin—Birth Records, Charge-Out Forms, 1964–1980 \[Part A\]|https://www.familysearch.org/indexing/admin-new/#/projects/464D15CB-E7AB-4E2A-B8EE-5801228C5B68/overview] \\ [US, Wisconsin—Birth Records, 1964–1980|https://www.familysearch.org/indexing/admin-new/#/projects/BBAAD840-13AA-4D2A-A481-583F595F2ECB/overview];In Production \\ In Production;[US, Wisconsin—Birth Records, 1964–1980|https://www.familysearch.org/indexing/admin-new/#/projects/BBAAD840-13AA-4D2A-A481-583F595F2ECB/overview];[17A0B3C9-6765-42BD-8402-3517FA3FEEE5|https://www.familysearch.org/indexing/admin-new/#/projects/BBAAD840-13AA-4D2A-A481-583F595F2ECB/manage/17A0B3C9-6765-42BD-8402-3517FA3FEEE5/batches/list];READY_FOR_DELIVERY;
104910597;18-0127: Wisconsin, Wisconsin Vital Records Office, Birth Records, 1964-1980 - (Ancestry 47754) - FSI \\ 18-1425: Wisconsin, Wisconsin Vital Records Office, Birth Records, 1964-1980 - (ACOM, NED IMAGES, ROC ONLY) - FSI;[US, Wisconsin—Birth Records, Charge-Out Forms, 1964–1980 \[Part A\]|https://www.familysearch.org/indexing/admin-new/#/projects/464D15CB-E7AB-4E2A-B8EE-5801228C5B68/overview] \\ [US, Wisconsin—Birth Records, 1964–1980|https://www.familysearch.org/indexing/admin-new/#/projects/BBAAD840-13AA-4D2A-A481-583F595F2ECB/overview];In Production \\ In Production;[US, Wisconsin—Birth Records, 1964–1980|https://www.familysearch.org/indexing/admin-new/#/projects/BBAAD840-13AA-4D2A-A481-583F595F2ECB/overview];[17E65C5B-4838-4619-83B7-2BC372917C2A|https://www.familysearch.org/indexing/admin-new/#/projects/BBAAD840-13AA-4D2A-A481-583F595F2ECB/manage/17E65C5B-4838-4619-83B7-2BC372917C2A/batches/list];READY_FOR_DELIVERY;
104910598;18-0127: Wisconsin, Wisconsin Vital Records Office, Birth Records, 1964-1980 - (Ancestry 47754) - FSI \\ 18-1425: Wisconsin, Wisconsin Vital Records Office, Birth Records, 1964-1980 - (ACOM, NED IMAGES, ROC ONLY) - FSI;[US, Wisconsin—Birth Records, Charge-Out Forms, 1964–1980 \[Part A\]|https://www.familysearch.org/indexing/admin-new/#/projects/464D15CB-E7AB-4E2A-B8EE-5801228C5B68/overview] \\ [US, Wisconsin—Birth Records, 1964–1980|https://www.familysearch.org/indexing/admin-new/#/projects/BBAAD840-13AA-4D2A-A481-583F595F2ECB/overview];In Production \\ In Production;[US, Wisconsin—Birth Records, 1964–1980|https://www.familysearch.org/indexing/admin-new/#/projects/BBAAD840-13AA-4D2A-A481-583F595F2ECB/overview];[CE2E3AE9-80A8-4B6C-98F0-21EA0A21DE71|https://www.familysearch.org/indexing/admin-new/#/projects/BBAAD840-13AA-4D2A-A481-583F595F2ECB/manage/CE2E3AE9-80A8-4B6C-98F0-21EA0A21DE71/batches/list];READY_FOR_DELIVERY;
104910599;18-0127: Wisconsin, Wisconsin Vital Records Office, Birth Records, 1964-1980 - (Ancestry 47754) - FSI \\ 18-1425: Wisconsin, Wisconsin Vital Records Office, Birth Records, 1964-1980 - (ACOM, NED IMAGES, ROC ONLY) - FSI;[US, Wisconsin—Birth Records, Charge-Out Forms, 1964–1980 \[Part A\]|https://www.familysearch.org/indexing/admin-new/#/projects/464D15CB-E7AB-4E2A-B8EE-5801228C5B68/overview] \\ [US, Wisconsin—Birth Records, 1964–1980|https://www.familysearch.org/indexing/admin-new/#/projects/BBAAD840-13AA-4D2A-A481-583F595F2ECB/overview];In Production \\ In Production;[US, Wisconsin—Birth Records, 1964–1980|https://www.familysearch.org/indexing/admin-new/#/projects/BBAAD840-13AA-4D2A-A481-583F595F2ECB/overview];[A0819AD9-C6ED-4951-A207-304B25C8B66C|https://www.familysearch.org/indexing/admin-new/#/projects/BBAAD840-13AA-4D2A-A481-583F595F2ECB/manage/A0819AD9-C6ED-4951-A207-304B25C8B66C/batches/list];READY_FOR_DELIVERY;
104910600;18-0127: Wisconsin, Wisconsin Vital Records Office, Birth Records, 1964-1980 - (Ancestry 47754) - FSI \\ 18-1425: Wisconsin, Wisconsin Vital Records Office, Birth Records, 1964-1980 - (ACOM, NED IMAGES, ROC ONLY) - FSI;[US, Wisconsin—Birth Records, Charge-Out Forms, 1964–1980 \[Part A\]|https://www.familysearch.org/indexing/admin-new/#/projects/464D15CB-E7AB-4E2A-B8EE-5801228C5B68/overview] \\ [US, Wisconsin—Birth Records, 1964–1980|https://www.familysearch.org/indexing/admin-new/#/projects/BBAAD840-13AA-4D2A-A481-583F595F2ECB/overview];In Production \\ In Production;[US, Wisconsin—Birth Records, 1964–1980|https://www.familysearch.org/indexing/admin-new/#/projects/BBAAD840-13AA-4D2A-A481-583F595F2ECB/overview];[6CE2CEFB-5FDE-4844-9597-9E72D3BB06D7|https://www.familysearch.org/indexing/admin-new/#/projects/BBAAD840-13AA-4D2A-A481-583F595F2ECB/manage/6CE2CEFB-5FDE-4844-9597-9E72D3BB06D7/batches/list];READY_FOR_DELIVERY;
104910601;18-0127: Wisconsin, Wisconsin Vital Records Office, Birth Records, 1964-1980 - (Ancestry 47754) - FSI \\ 18-1425: Wisconsin, Wisconsin Vital Records Office, Birth Records, 1964-1980 - (ACOM, NED IMAGES, ROC ONLY) - FSI;[US, Wisconsin—Birth Records, Charge-Out Forms, 1964–1980 \[Part A\]|https://www.familysearch.org/indexing/admin-new/#/projects/464D15CB-E7AB-4E2A-B8EE-5801228C5B68/overview] \\ [US, Wisconsin—Birth Records, 1964–1980|https://www.familysearch.org/indexing/admin-new/#/projects/BBAAD840-13AA-4D2A-A481-583F595F2ECB/overview];In Production \\ In Production;[US, Wisconsin—Birth Records, 1964–1980|https://www.familysearch.org/indexing/admin-new/#/projects/BBAAD840-13AA-4D2A-A481-583F595F2ECB/overview];[761748BA-E7B8-4BF3-8694-A1AD99EB3CC9|https://www.familysearch.org/indexing/admin-new/#/projects/BBAAD840-13AA-4D2A-A481-583F595F2ECB/manage/761748BA-E7B8-4BF3-8694-A1AD99EB3CC9/batches/list];READY_FOR_DELIVERY;
104910602;18-0127: Wisconsin, Wisconsin Vital Records Office, Birth Records, 1964-1980 - (Ancestry 47754) - FSI \\ 18-1425: Wisconsin, Wisconsin Vital Records Office, Birth Records, 1964-1980 - (ACOM, NED IMAGES, ROC ONLY) - FSI;[US, Wisconsin—Birth Records, Charge-Out Forms, 1964–1980 \[Part A\]|https://www.familysearch.org/indexing/admin-new/#/projects/464D15CB-E7AB-4E2A-B8EE-5801228C5B68/overview] \\ [US, Wisconsin—Birth Records, 1964–1980|https://www.familysearch.org/indexing/admin-new/#/projects/BBAAD840-13AA-4D2A-A481-583F595F2ECB/overview];In Production \\ In Production;[US, Wisconsin—Birth Records, 1964–1980|https://www.familysearch.org/indexing/admin-new/#/projects/BBAAD840-13AA-4D2A-A481-583F595F2ECB/overview];[01434927-8055-49D4-83CA-A69555C38EDF|https://www.familysearch.org/indexing/admin-new/#/projects/BBAAD840-13AA-4D2A-A481-583F595F2ECB/manage/01434927-8055-49D4-83CA-A69555C38EDF/batches/list];READY_FOR_DELIVERY;
104910603;18-0127: Wisconsin, Wisconsin Vital Records Office, Birth Records, 1964-1980 - (Ancestry 47754) - FSI \\ 18-1425: Wisconsin, Wisconsin Vital Records Office, Birth Records, 1964-1980 - (ACOM, NED IMAGES, ROC ONLY) - FSI;[US, Wisconsin—Birth Records, Charge-Out Forms, 1964–1980 \[Part A\]|https://www.familysearch.org/indexing/admin-new/#/projects/464D15CB-E7AB-4E2A-B8EE-5801228C5B68/overview] \\ [US, Wisconsin—Birth Records, 1964–1980|https://www.familysearch.org/indexing/admin-new/#/projects/BBAAD840-13AA-4D2A-A481-583F595F2ECB/overview];In Production \\ In Production;[US, Wisconsin—Birth Records, 1964–1980|https://www.familysearch.org/indexing/admin-new/#/projects/BBAAD840-13AA-4D2A-A481-583F595F2ECB/overview];[7A31632B-18DA-41A5-82DB-4CA4301D5A76|https://www.familysearch.org/indexing/admin-new/#/projects/BBAAD840-13AA-4D2A-A481-583F595F2ECB/manage/7A31632B-18DA-41A5-82DB-4CA4301D5A76/batches/list];READY_FOR_DELIVERY;
104910604;18-0127: Wisconsin, Wisconsin Vital Records Office, Birth Records, 1964-1980 - (Ancestry 47754) - FSI \\ 18-1425: Wisconsin, Wisconsin Vital Records Office, Birth Records, 1964-1980 - (ACOM, NED IMAGES, ROC ONLY) - FSI;[US, Wisconsin—Birth Records, Charge-Out Forms, 1964–1980 \[Part A\]|https://www.familysearch.org/indexing/admin-new/#/projects/464D15CB-E7AB-4E2A-B8EE-5801228C5B68/overview] \\ [US, Wisconsin—Birth Records, 1964–1980|https://www.familysearch.org/indexing/admin-new/#/projects/BBAAD840-13AA-4D2A-A481-583F595F2ECB/overview];In Production \\ In Production;[US, Wisconsin—Birth Records, 1964–1980|https://www.familysearch.org/indexing/admin-new/#/projects/BBAAD840-13AA-4D2A-A481-583F595F2ECB/overview];[13778FE1-C9C6-4E26-9DB6-3A1582A7FD40|https://www.familysearch.org/indexing/admin-new/#/projects/BBAAD840-13AA-4D2A-A481-583F595F2ECB/manage/13778FE1-C9C6-4E26-9DB6-3A1582A7FD40/batches/list];READY_FOR_DELIVERY;
104910605;18-0127: Wisconsin, Wisconsin Vital Records Office, Birth Records, 1964-1980 - (Ancestry 47754) - FSI \\ 18-1425: Wisconsin, Wisconsin Vital Records Office, Birth Records, 1964-1980 - (ACOM, NED IMAGES, ROC ONLY) - FSI;[US, Wisconsin—Birth Records, Charge-Out Forms, 1964–1980 \[Part A\]|https://www.familysearch.org/indexing/admin-new/#/projects/464D15CB-E7AB-4E2A-B8EE-5801228C5B68/overview] \\ [US, Wisconsin—Birth Records, 1964–1980|https://www.familysearch.org/indexing/admin-new/#/projects/BBAAD840-13AA-4D2A-A481-583F595F2ECB/overview];In Production \\ In Production;[US, Wisconsin—Birth Records, 1964–1980|https://www.familysearch.org/indexing/admin-new/#/projects/BBAAD840-13AA-4D2A-A481-583F595F2ECB/overview];[23064925-2898-4B09-97F2-915DC84A7BAF|https://www.familysearch.org/indexing/admin-new/#/projects/BBAAD840-13AA-4D2A-A481-583F595F2ECB/manage/23064925-2898-4B09-97F2-915DC84A7BAF/batches/list];READY_FOR_DELIVERY;
104910606;18-0127: Wisconsin, Wisconsin Vital Records Office, Birth Records, 1964-1980 - (Ancestry 47754) - FSI \\ 18-1425: Wisconsin, Wisconsin Vital Records Office, Birth Records, 1964-1980 - (ACOM, NED IMAGES, ROC ONLY) - FSI;[US, Wisconsin—Birth Records, Charge-Out Forms, 1964–1980 \[Part A\]|https://www.familysearch.org/indexing/admin-new/#/projects/464D15CB-E7AB-4E2A-B8EE-5801228C5B68/overview] \\ [US, Wisconsin—Birth Records, 1964–1980|https://www.familysearch.org/indexing/admin-new/#/projects/BBAAD840-13AA-4D2A-A481-583F595F2ECB/overview];In Production \\ In Production;[US, Wisconsin—Birth Records, 1964–1980|https://www.familysearch.org/indexing/admin-new/#/projects/BBAAD840-13AA-4D2A-A481-583F595F2ECB/overview];[22A561B9-4033-4030-A729-85A3804114F6|https://www.familysearch.org/indexing/admin-new/#/projects/BBAAD840-13AA-4D2A-A481-583F595F2ECB/manage/22A561B9-4033-4030-A729-85A3804114F6/batches/list];READY_FOR_DELIVERY;
104910607;18-0127: Wisconsin, Wisconsin Vital Records Office, Birth Records, 1964-1980 - (Ancestry 47754) - FSI \\ 18-1425: Wisconsin, Wisconsin Vital Records Office, Birth Records, 1964-1980 - (ACOM, NED IMAGES, ROC ONLY) - FSI;[US, Wisconsin—Birth Records, Charge-Out Forms, 1964–1980 \[Part A\]|https://www.familysearch.org/indexing/admin-new/#/projects/464D15CB-E7AB-4E2A-B8EE-5801228C5B68/overview] \\ [US, Wisconsin—Birth Records, 1964–1980|https://www.familysearch.org/indexing/admin-new/#/projects/BBAAD840-13AA-4D2A-A481-583F595F2ECB/overview];In Production \\ In Production;[US, Wisconsin—Birth Records, 1964–1980|https://www.familysearch.org/indexing/admin-new/#/projects/BBAAD840-13AA-4D2A-A481-583F595F2ECB/overview];[D0575EC5-4762-4F20-9286-8F0F3F21C659|https://www.familysearch.org/indexing/admin-new/#/projects/BBAAD840-13AA-4D2A-A481-583F595F2ECB/manage/D0575EC5-4762-4F20-9286-8F0F3F21C659/batches/list];READY_FOR_DELIVERY;
104910608;18-0127: Wisconsin, Wisconsin Vital Records Office, Birth Records, 1964-1980 - (Ancestry 47754) - FSI \\ 18-1425: Wisconsin, Wisconsin Vital Records Office, Birth Records, 1964-1980 - (ACOM, NED IMAGES, ROC ONLY) - FSI;[US, Wisconsin—Birth Records, Charge-Out Forms, 1964–1980 \[Part A\]|https://www.familysearch.org/indexing/admin-new/#/projects/464D15CB-E7AB-4E2A-B8EE-5801228C5B68/overview] \\ [US, Wisconsin—Birth Records, 1964–1980|https://www.familysearch.org/indexing/admin-new/#/projects/BBAAD840-13AA-4D2A-A481-583F595F2ECB/overview];In Production \\ In Production;[US, Wisconsin—Birth Records, 1964–1980|https://www.familysearch.org/indexing/admin-new/#/projects/BBAAD840-13AA-4D2A-A481-583F595F2ECB/overview];[40D9454E-72F4-436C-A45A-CC03FBC0CCFB|https://www.familysearch.org/indexing/admin-new/#/projects/BBAAD840-13AA-4D2A-A481-583F595F2ECB/manage/40D9454E-72F4-436C-A45A-CC03FBC0CCFB/batches/list];READY_FOR_DELIVERY;
104910609;18-0127: Wisconsin, Wisconsin Vital Records Office, Birth Records, 1964-1980 - (Ancestry 47754) - FSI \\ 18-1425: Wisconsin, Wisconsin Vital Records Office, Birth Records, 1964-1980 - (ACOM, NED IMAGES, ROC ONLY) - FSI;[US, Wisconsin—Birth Records, Charge-Out Forms, 1964–1980 \[Part A\]|https://www.familysearch.org/indexing/admin-new/#/projects/464D15CB-E7AB-4E2A-B8EE-5801228C5B68/overview] \\ [US, Wisconsin—Birth Records, 1964–1980|https://www.familysearch.org/indexing/admin-new/#/projects/BBAAD840-13AA-4D2A-A481-583F595F2ECB/overview];In Production \\ In Production;[US, Wisconsin—Birth Records, 1964–1980|https://www.familysearch.org/indexing/admin-new/#/projects/BBAAD840-13AA-4D2A-A481-583F595F2ECB/overview];[FA2461B2-2F7E-4BE0-A4F5-F76853C46168|https://www.familysearch.org/indexing/admin-new/#/projects/BBAAD840-13AA-4D2A-A481-583F595F2ECB/manage/FA2461B2-2F7E-4BE0-A4F5-F76853C46168/batches/list];READY_FOR_DELIVERY;
104910610;18-0127: Wisconsin, Wisconsin Vital Records Office, Birth Records, 1964-1980 - (Ancestry 47754) - FSI \\ 18-1425: Wisconsin, Wisconsin Vital Records Office, Birth Records, 1964-1980 - (ACOM, NED IMAGES, ROC ONLY) - FSI;[US, Wisconsin—Birth Records, Charge-Out Forms, 1964–1980 \[Part A\]|https://www.familysearch.org/indexing/admin-new/#/projects/464D15CB-E7AB-4E2A-B8EE-5801228C5B68/overview] \\ [US, Wisconsin—Birth Records, 1964–1980|https://www.familysearch.org/indexing/admin-new/#/projects/BBAAD840-13AA-4D2A-A481-583F595F2ECB/overview];In Production \\ In Production;[US, Wisconsin—Birth Records, 1964–1980|https://www.familysearch.org/indexing/admin-new/#/projects/BBAAD840-13AA-4D2A-A481-583F595F2ECB/overview];[E5277E94-CC92-4D7E-8CA6-F65599AC48D7|https://www.familysearch.org/indexing/admin-new/#/projects/BBAAD840-13AA-4D2A-A481-583F595F2ECB/manage/E5277E94-CC92-4D7E-8CA6-F65599AC48D7/batches/list];READY_FOR_DELIVERY;
104910611;18-0127: Wisconsin, Wisconsin Vital Records Office, Birth Records, 1964-1980 - (Ancestry 47754) - FSI \\ 18-1425: Wisconsin, Wisconsin Vital Records Office, Birth Records, 1964-1980 - (ACOM, NED IMAGES, ROC ONLY) - FSI;[US, Wisconsin—Birth Records, Charge-Out Forms, 1964–1980 \[Part A\]|https://www.familysearch.org/indexing/admin-new/#/projects/464D15CB-E7AB-4E2A-B8EE-5801228C5B68/overview] \\ [US, Wisconsin—Birth Records, 1964–1980|https://www.familysearch.org/indexing/admin-new/#/projects/BBAAD840-13AA-4D2A-A481-583F595F2ECB/overview];In Production \\ In Production;[US, Wisconsin—Birth Records, 1964–1980|https://www.familysearch.org/indexing/admin-new/#/projects/BBAAD840-13AA-4D2A-A481-583F595F2ECB/overview];[D9D7BE32-D7F2-439F-A030-42471F311A44|https://www.familysearch.org/indexing/admin-new/#/projects/BBAAD840-13AA-4D2A-A481-583F595F2ECB/manage/D9D7BE32-D7F2-439F-A030-42471F311A44/batches/list];READY_FOR_DELIVERY;
104910612;18-0127: Wisconsin, Wisconsin Vital Records Office, Birth Records, 1964-1980 - (Ancestry 47754) - FSI \\ 18-1425: Wisconsin, Wisconsin Vital Records Office, Birth Records, 1964-1980 - (ACOM, NED IMAGES, ROC ONLY) - FSI;[US, Wisconsin—Birth Records, Charge-Out Forms, 1964–1980 \[Part A\]|https://www.familysearch.org/indexing/admin-new/#/projects/464D15CB-E7AB-4E2A-B8EE-5801228C5B68/overview] \\ [US, Wisconsin—Birth Records, 1964–1980|https://www.familysearch.org/indexing/admin-new/#/projects/BBAAD840-13AA-4D2A-A481-583F595F2ECB/overview];In Production \\ In Production;[US, Wisconsin—Birth Records, 1964–1980|https://www.familysearch.org/indexing/admin-new/#/projects/BBAAD840-13AA-4D2A-A481-583F595F2ECB/overview];[70AD34C4-D2B8-469D-BE90-426A398C9726|https://www.familysearch.org/indexing/admin-new/#/projects/BBAAD840-13AA-4D2A-A481-583F595F2ECB/manage/70AD34C4-D2B8-469D-BE90-426A398C9726/batches/list];READY_FOR_DELIVERY;
104910613;18-0127: Wisconsin, Wisconsin Vital Records Office, Birth Records, 1964-1980 - (Ancestry 47754) - FSI \\ 18-1425: Wisconsin, Wisconsin Vital Records Office, Birth Records, 1964-1980 - (ACOM, NED IMAGES, ROC ONLY) - FSI;[US, Wisconsin—Birth Records, Charge-Out Forms, 1964–1980 \[Part A\]|https://www.familysearch.org/indexing/admin-new/#/projects/464D15CB-E7AB-4E2A-B8EE-5801228C5B68/overview] \\ [US, Wisconsin—Birth Records, 1964–1980|https://www.familysearch.org/indexing/admin-new/#/projects/BBAAD840-13AA-4D2A-A481-583F595F2ECB/overview];In Production \\ In Production;[US, Wisconsin—Birth Records, 1964–1980|https://www.familysearch.org/indexing/admin-new/#/projects/BBAAD840-13AA-4D2A-A481-583F595F2ECB/overview];[335D6868-EBCB-4ADB-8DB3-A90057C22CEB|https://www.familysearch.org/indexing/admin-new/#/projects/BBAAD840-13AA-4D2A-A481-583F595F2ECB/manage/335D6868-EBCB-4ADB-8DB3-A90057C22CEB/batches/list];READY_FOR_DELIVERY;
104910614;18-0127: Wisconsin, Wisconsin Vital Records Office, Birth Records, 1964-1980 - (Ancestry 47754) - FSI \\ 18-1425: Wisconsin, Wisconsin Vital Records Office, Birth Records, 1964-1980 - (ACOM, NED IMAGES, ROC ONLY) - FSI;[US, Wisconsin—Birth Records, Charge-Out Forms, 1964–1980 \[Part A\]|https://www.familysearch.org/indexing/admin-new/#/projects/464D15CB-E7AB-4E2A-B8EE-5801228C5B68/overview] \\ [US, Wisconsin—Birth Records, 1964–1980|https://www.familysearch.org/indexing/admin-new/#/projects/BBAAD840-13AA-4D2A-A481-583F595F2ECB/overview];In Production \\ In Production;[US, Wisconsin—Birth Records, 1964–1980|https://www.familysearch.org/indexing/admin-new/#/projects/BBAAD840-13AA-4D2A-A481-583F595F2ECB/overview];[E18794DC-4107-41FA-B87B-4851240E3293|https://www.familysearch.org/indexing/admin-new/#/projects/BBAAD840-13AA-4D2A-A481-583F595F2ECB/manage/E18794DC-4107-41FA-B87B-4851240E3293/batches/list];READY_FOR_DELIVERY;
104910615;18-0127: Wisconsin, Wisconsin Vital Records Office, Birth Records, 1964-1980 - (Ancestry 47754) - FSI \\ 18-1425: Wisconsin, Wisconsin Vital Records Office, Birth Records, 1964-1980 - (ACOM, NED IMAGES, ROC ONLY) - FSI;[US, Wisconsin—Birth Records, Charge-Out Forms, 1964–1980 \[Part A\]|https://www.familysearch.org/indexing/admin-new/#/projects/464D15CB-E7AB-4E2A-B8EE-5801228C5B68/overview] \\ [US, Wisconsin—Birth Records, 1964–1980|https://www.familysearch.org/indexing/admin-new/#/projects/BBAAD840-13AA-4D2A-A481-583F595F2ECB/overview];In Production \\ In Production;[US, Wisconsin—Birth Records, 1964–1980|https://www.familysearch.org/indexing/admin-new/#/projects/BBAAD840-13AA-4D2A-A481-583F595F2ECB/overview];[1E645219-3B72-4B99-BE46-45EDC4750A34|https://www.familysearch.org/indexing/admin-new/#/projects/BBAAD840-13AA-4D2A-A481-583F595F2ECB/manage/1E645219-3B72-4B99-BE46-45EDC4750A34/batches/list];READY_FOR_DELIVERY;
104910616;18-0127: Wisconsin, Wisconsin Vital Records Office, Birth Records, 1964-1980 - (Ancestry 47754) - FSI \\ 18-1425: Wisconsin, Wisconsin Vital Records Office, Birth Records, 1964-1980 - (ACOM, NED IMAGES, ROC ONLY) - FSI;[US, Wisconsin—Birth Records, Charge-Out Forms, 1964–1980 \[Part A\]|https://www.familysearch.org/indexing/admin-new/#/projects/464D15CB-E7AB-4E2A-B8EE-5801228C5B68/overview] \\ [US, Wisconsin—Birth Records, 1964–1980|https://www.familysearch.org/indexing/admin-new/#/projects/BBAAD840-13AA-4D2A-A481-583F595F2ECB/overview];In Production \\ In Production;[US, Wisconsin—Birth Records, 1964–1980|https://www.familysearch.org/indexing/admin-new/#/projects/BBAAD840-13AA-4D2A-A481-583F595F2ECB/overview];[44CCFC38-2F9E-4BBE-A36D-63045E491AB4|https://www.familysearch.org/indexing/admin-new/#/projects/BBAAD840-13AA-4D2A-A481-583F595F2ECB/manage/44CCFC38-2F9E-4BBE-A36D-63045E491AB4/batches/list];READY_FOR_DELIVERY;
104910617;18-0127: Wisconsin, Wisconsin Vital Records Office, Birth Records, 1964-1980 - (Ancestry 47754) - FSI \\ 18-1425: Wisconsin, Wisconsin Vital Records Office, Birth Records, 1964-1980 - (ACOM, NED IMAGES, ROC ONLY) - FSI;[US, Wisconsin—Birth Records, Charge-Out Forms, 1964–1980 \[Part A\]|https://www.familysearch.org/indexing/admin-new/#/projects/464D15CB-E7AB-4E2A-B8EE-5801228C5B68/overview] \\ [US, Wisconsin—Birth Records, 1964–1980|https://www.familysearch.org/indexing/admin-new/#/projects/BBAAD840-13AA-4D2A-A481-583F595F2ECB/overview];In Production \\ In Production;[US, Wisconsin—Birth Records, 1964–1980|https://www.familysearch.org/indexing/admin-new/#/projects/BBAAD840-13AA-4D2A-A481-583F595F2ECB/overview];[4804D2D6-0A92-4F8E-A027-079447F4E010|https://www.familysearch.org/indexing/admin-new/#/projects/BBAAD840-13AA-4D2A-A481-583F595F2ECB/manage/4804D2D6-0A92-4F8E-A027-079447F4E010/batches/list];READY_FOR_DELIVERY;
104910618;18-0127: Wisconsin, Wisconsin Vital Records Office, Birth Records, 1964-1980 - (Ancestry 47754) - FSI \\ 18-1425: Wisconsin, Wisconsin Vital Records Office, Birth Records, 1964-1980 - (ACOM, NED IMAGES, ROC ONLY) - FSI;[US, Wisconsin—Birth Records, Charge-Out Forms, 1964–1980 \[Part A\]|https://www.familysearch.org/indexing/admin-new/#/projects/464D15CB-E7AB-4E2A-B8EE-5801228C5B68/overview] \\ [US, Wisconsin—Birth Records, 1964–1980|https://www.familysearch.org/indexing/admin-new/#/projects/BBAAD840-13AA-4D2A-A481-583F595F2ECB/overview];In Production \\ In Production;[US, Wisconsin—Birth Records, 1964–1980|https://www.familysearch.org/indexing/admin-new/#/projects/BBAAD840-13AA-4D2A-A481-583F595F2ECB/overview];[C92CE91E-DF89-4DFD-A3DA-CA0ED04D7BE1|https://www.familysearch.org/indexing/admin-new/#/projects/BBAAD840-13AA-4D2A-A481-583F595F2ECB/manage/C92CE91E-DF89-4DFD-A3DA-CA0ED04D7BE1/batches/list];READY_FOR_DELIVERY;
104910619;18-0127: Wisconsin, Wisconsin Vital Records Office, Birth Records, 1964-1980 - (Ancestry 47754) - FSI \\ 18-1425: Wisconsin, Wisconsin Vital Records Office, Birth Records, 1964-1980 - (ACOM, NED IMAGES, ROC ONLY) - FSI;[US, Wisconsin—Birth Records, Charge-Out Forms, 1964–1980 \[Part A\]|https://www.familysearch.org/indexing/admin-new/#/projects/464D15CB-E7AB-4E2A-B8EE-5801228C5B68/overview] \\ [US, Wisconsin—Birth Records, 1964–1980|https://www.familysearch.org/indexing/admin-new/#/projects/BBAAD840-13AA-4D2A-A481-583F595F2ECB/overview];In Production \\ In Production;[US, Wisconsin—Birth Records, 1964–1980|https://www.familysearch.org/indexing/admin-new/#/projects/BBAAD840-13AA-4D2A-A481-583F595F2ECB/overview];[21C62525-1199-473D-950C-99C88B6EFB6A|https://www.familysearch.org/indexing/admin-new/#/projects/BBAAD840-13AA-4D2A-A481-583F595F2ECB/manage/21C62525-1199-473D-950C-99C88B6EFB6A/batches/list];READY_FOR_DELIVERY;
104910620;18-0127: Wisconsin, Wisconsin Vital Records Office, Birth Records, 1964-1980 - (Ancestry 47754) - FSI \\ 18-1425: Wisconsin, Wisconsin Vital Records Office, Birth Records, 1964-1980 - (ACOM, NED IMAGES, ROC ONLY) - FSI;[US, Wisconsin—Birth Records, Charge-Out Forms, 1964–1980 \[Part A\]|https://www.familysearch.org/indexing/admin-new/#/projects/464D15CB-E7AB-4E2A-B8EE-5801228C5B68/overview] \\ [US, Wisconsin—Birth Records, 1964–1980|https://www.familysearch.org/indexing/admin-new/#/projects/BBAAD840-13AA-4D2A-A481-583F595F2ECB/overview];In Production \\ In Production;[US, Wisconsin—Birth Records, 1964–1980|https://www.familysearch.org/indexing/admin-new/#/projects/BBAAD840-13AA-4D2A-A481-583F595F2ECB/overview];[1C46910F-2A20-497E-90B9-71B383C20DCC|https://www.familysearch.org/indexing/admin-new/#/projects/BBAAD840-13AA-4D2A-A481-583F595F2ECB/manage/1C46910F-2A20-497E-90B9-71B383C20DCC/batches/list];READY_FOR_DELIVERY;
104910621;18-0127: Wisconsin, Wisconsin Vital Records Office, Birth Records, 1964-1980 - (Ancestry 47754) - FSI \\ 18-1425: Wisconsin, Wisconsin Vital Records Office, Birth Records, 1964-1980 - (ACOM, NED IMAGES, ROC ONLY) - FSI;[US, Wisconsin—Birth Records, Charge-Out Forms, 1964–1980 \[Part A\]|https://www.familysearch.org/indexing/admin-new/#/projects/464D15CB-E7AB-4E2A-B8EE-5801228C5B68/overview] \\ [US, Wisconsin—Birth Records, 1964–1980|https://www.familysearch.org/indexing/admin-new/#/projects/BBAAD840-13AA-4D2A-A481-583F595F2ECB/overview];In Production \\ In Production;[US, Wisconsin—Birth Records, 1964–1980|https://www.familysearch.org/indexing/admin-new/#/projects/BBAAD840-13AA-4D2A-A481-583F595F2ECB/overview];[54B60DEF-6536-427F-90A3-59481D7FAD13|https://www.familysearch.org/indexing/admin-new/#/projects/BBAAD840-13AA-4D2A-A481-583F595F2ECB/manage/54B60DEF-6536-427F-90A3-59481D7FAD13/batches/list];READY_FOR_DELIVERY;
104910622;18-0127: Wisconsin, Wisconsin Vital Records Office, Birth Records, 1964-1980 - (Ancestry 47754) - FSI \\ 18-1425: Wisconsin, Wisconsin Vital Records Office, Birth Records, 1964-1980 - (ACOM, NED IMAGES, ROC ONLY) - FSI;[US, Wisconsin—Birth Records, Charge-Out Forms, 1964–1980 \[Part A\]|https://www.familysearch.org/indexing/admin-new/#/projects/464D15CB-E7AB-4E2A-B8EE-5801228C5B68/overview] \\ [US, Wisconsin—Birth Records, 1964–1980|https://www.familysearch.org/indexing/admin-new/#/projects/BBAAD840-13AA-4D2A-A481-583F595F2ECB/overview];In Production \\ In Production;[US, Wisconsin—Birth Records, 1964–1980|https://www.familysearch.org/indexing/admin-new/#/projects/BBAAD840-13AA-4D2A-A481-583F595F2ECB/overview];[16F14FCF-F206-48A2-8EE4-D8AD2DEA8BE3|https://www.familysearch.org/indexing/admin-new/#/projects/BBAAD840-13AA-4D2A-A481-583F595F2ECB/manage/16F14FCF-F206-48A2-8EE4-D8AD2DEA8BE3/batches/list];READY_FOR_DELIVERY;
104910623;18-0127: Wisconsin, Wisconsin Vital Records Office, Birth Records, 1964-1980 - (Ancestry 47754) - FSI \\ 18-1425: Wisconsin, Wisconsin Vital Records Office, Birth Records, 1964-1980 - (ACOM, NED IMAGES, ROC ONLY) - FSI;[US, Wisconsin—Birth Records, Charge-Out Forms, 1964–1980 \[Part A\]|https://www.familysearch.org/indexing/admin-new/#/projects/464D15CB-E7AB-4E2A-B8EE-5801228C5B68/overview] \\ [US, Wisconsin—Birth Records, 1964–1980|https://www.familysearch.org/indexing/admin-new/#/projects/BBAAD840-13AA-4D2A-A481-583F595F2ECB/overview];In Production \\ In Production;[US, Wisconsin—Birth Records, 1964–1980|https://www.familysearch.org/indexing/admin-new/#/projects/BBAAD840-13AA-4D2A-A481-583F595F2ECB/overview];[468CE4BA-8E47-4A61-8F3B-BE6B5B365FF8|https://www.familysearch.org/indexing/admin-new/#/projects/BBAAD840-13AA-4D2A-A481-583F595F2ECB/manage/468CE4BA-8E47-4A61-8F3B-BE6B5B365FF8/batches/list];READY_FOR_DELIVERY;
104910624;18-0127: Wisconsin, Wisconsin Vital Records Office, Birth Records, 1964-1980 - (Ancestry 47754) - FSI \\ 18-1425: Wisconsin, Wisconsin Vital Records Office, Birth Records, 1964-1980 - (ACOM, NED IMAGES, ROC ONLY) - FSI;[US, Wisconsin—Birth Records, Charge-Out Forms, 1964–1980 \[Part A\]|https://www.familysearch.org/indexing/admin-new/#/projects/464D15CB-E7AB-4E2A-B8EE-5801228C5B68/overview] \\ [US, Wisconsin—Birth Records, 1964–1980|https://www.familysearch.org/indexing/admin-new/#/projects/BBAAD840-13AA-4D2A-A481-583F595F2ECB/overview];In Production \\ In Production;[US, Wisconsin—Birth Records, 1964–1980|https://www.familysearch.org/indexing/admin-new/#/projects/BBAAD840-13AA-4D2A-A481-583F595F2ECB/overview];[66C3F8E1-2274-4E80-9270-021542968768|https://www.familysearch.org/indexing/admin-new/#/projects/BBAAD840-13AA-4D2A-A481-583F595F2ECB/manage/66C3F8E1-2274-4E80-9270-021542968768/batches/list];READY_FOR_DELIVERY;
104910625;18-0127: Wisconsin, Wisconsin Vital Records Office, Birth Records, 1964-1980 - (Ancestry 47754) - FSI \\ 18-1425: Wisconsin, Wisconsin Vital Records Office, Birth Records, 1964-1980 - (ACOM, NED IMAGES, ROC ONLY) - FSI;[US, Wisconsin—Birth Records, Charge-Out Forms, 1964–1980 \[Part A\]|https://www.familysearch.org/indexing/admin-new/#/projects/464D15CB-E7AB-4E2A-B8EE-5801228C5B68/overview] \\ [US, Wisconsin—Birth Records, 1964–1980|https://www.familysearch.org/indexing/admin-new/#/projects/BBAAD840-13AA-4D2A-A481-583F595F2ECB/overview];In Production \\ In Production;[US, Wisconsin—Birth Records, 1964–1980|https://www.familysearch.org/indexing/admin-new/#/projects/BBAAD840-13AA-4D2A-A481-583F595F2ECB/overview];[7AA0DDB5-C0AC-42ED-8FCA-0909BFD2B95A|https://www.familysearch.org/indexing/admin-new/#/projects/BBAAD840-13AA-4D2A-A481-583F595F2ECB/manage/7AA0DDB5-C0AC-42ED-8FCA-0909BFD2B95A/batches/list];READY_FOR_DELIVERY;
104910626;18-0127: Wisconsin, Wisconsin Vital Records Office, Birth Records, 1964-1980 - (Ancestry 47754) - FSI \\ 18-1425: Wisconsin, Wisconsin Vital Records Office, Birth Records, 1964-1980 - (ACOM, NED IMAGES, ROC ONLY) - FSI;[US, Wisconsin—Birth Records, Charge-Out Forms, 1964–1980 \[Part A\]|https://www.familysearch.org/indexing/admin-new/#/projects/464D15CB-E7AB-4E2A-B8EE-5801228C5B68/overview] \\ [US, Wisconsin—Birth Records, 1964–1980|https://www.familysearch.org/indexing/admin-new/#/projects/BBAAD840-13AA-4D2A-A481-583F595F2ECB/overview];In Production \\ In Production;[US, Wisconsin—Birth Records, 1964–1980|https://www.familysearch.org/indexing/admin-new/#/projects/BBAAD840-13AA-4D2A-A481-583F595F2ECB/overview];[40C4E317-1A3F-42F4-9838-FB9100B015A6|https://www.familysearch.org/indexing/admin-new/#/projects/BBAAD840-13AA-4D2A-A481-583F595F2ECB/manage/40C4E317-1A3F-42F4-9838-FB9100B015A6/batches/list];READY_FOR_DELIVERY;
104910627;18-0127: Wisconsin, Wisconsin Vital Records Office, Birth Records, 1964-1980 - (Ancestry 47754) - FSI \\ 18-1425: Wisconsin, Wisconsin Vital Records Office, Birth Records, 1964-1980 - (ACOM, NED IMAGES, ROC ONLY) - FSI;[US, Wisconsin—Birth Records, Charge-Out Forms, 1964–1980 \[Part A\]|https://www.familysearch.org/indexing/admin-new/#/projects/464D15CB-E7AB-4E2A-B8EE-5801228C5B68/overview] \\ [US, Wisconsin—Birth Records, 1964–1980|https://www.familysearch.org/indexing/admin-new/#/projects/BBAAD840-13AA-4D2A-A481-583F595F2ECB/overview];In Production \\ In Production;[US, Wisconsin—Birth Records, 1964–1980|https://www.familysearch.org/indexing/admin-new/#/projects/BBAAD840-13AA-4D2A-A481-583F595F2ECB/overview];[6F7DB79D-262D-4F8D-B9A2-5452A3DBD9E0|https://www.familysearch.org/indexing/admin-new/#/projects/BBAAD840-13AA-4D2A-A481-583F595F2ECB/manage/6F7DB79D-262D-4F8D-B9A2-5452A3DBD9E0/batches/list];READY_FOR_DELIVERY;
104910628;18-0127: Wisconsin, Wisconsin Vital Records Office, Birth Records, 1964-1980 - (Ancestry 47754) - FSI \\ 18-1425: Wisconsin, Wisconsin Vital Records Office, Birth Records, 1964-1980 - (ACOM, NED IMAGES, ROC ONLY) - FSI;[US, Wisconsin—Birth Records, Charge-Out Forms, 1964–1980 \[Part A\]|https://www.familysearch.org/indexing/admin-new/#/projects/464D15CB-E7AB-4E2A-B8EE-5801228C5B68/overview] \\ [US, Wisconsin—Birth Records, 1964–1980|https://www.familysearch.org/indexing/admin-new/#/projects/BBAAD840-13AA-4D2A-A481-583F595F2ECB/overview];In Production \\ In Production;[US, Wisconsin—Birth Records, 1964–1980|https://www.familysearch.org/indexing/admin-new/#/projects/BBAAD840-13AA-4D2A-A481-583F595F2ECB/overview];[B659A3A4-99F4-4DA9-A60A-0FC9E2B929B8|https://www.familysearch.org/indexing/admin-new/#/projects/BBAAD840-13AA-4D2A-A481-583F595F2ECB/manage/B659A3A4-99F4-4DA9-A60A-0FC9E2B929B8/batches/list];READY_FOR_DELIVERY;
104910629;18-0127: Wisconsin, Wisconsin Vital Records Office, Birth Records, 1964-1980 - (Ancestry 47754) - FSI \\ 18-1425: Wisconsin, Wisconsin Vital Records Office, Birth Records, 1964-1980 - (ACOM, NED IMAGES, ROC ONLY) - FSI;[US, Wisconsin—Birth Records, Charge-Out Forms, 1964–1980 \[Part A\]|https://www.familysearch.org/indexing/admin-new/#/projects/464D15CB-E7AB-4E2A-B8EE-5801228C5B68/overview] \\ [US, Wisconsin—Birth Records, 1964–1980|https://www.familysearch.org/indexing/admin-new/#/projects/BBAAD840-13AA-4D2A-A481-583F595F2ECB/overview];In Production \\ In Production;[US, Wisconsin—Birth Records, 1964–1980|https://www.familysearch.org/indexing/admin-new/#/projects/BBAAD840-13AA-4D2A-A481-583F595F2ECB/overview];[C2B9862D-2466-4E10-B991-A19BC8E5BDAE|https://www.familysearch.org/indexing/admin-new/#/projects/BBAAD840-13AA-4D2A-A481-583F595F2ECB/manage/C2B9862D-2466-4E10-B991-A19BC8E5BDAE/batches/list];READY_FOR_DELIVERY;
104910630;18-0127: Wisconsin, Wisconsin Vital Records Office, Birth Records, 1964-1980 - (Ancestry 47754) - FSI \\ 18-1425: Wisconsin, Wisconsin Vital Records Office, Birth Records, 1964-1980 - (ACOM, NED IMAGES, ROC ONLY) - FSI;[US, Wisconsin—Birth Records, Charge-Out Forms, 1964–1980 \[Part A\]|https://www.familysearch.org/indexing/admin-new/#/projects/464D15CB-E7AB-4E2A-B8EE-5801228C5B68/overview] \\ [US, Wisconsin—Birth Records, 1964–1980|https://www.familysearch.org/indexing/admin-new/#/projects/BBAAD840-13AA-4D2A-A481-583F595F2ECB/overview];In Production \\ In Production;[US, Wisconsin—Birth Records, 1964–1980|https://www.familysearch.org/indexing/admin-new/#/projects/BBAAD840-13AA-4D2A-A481-583F595F2ECB/overview];[7E992225-4DDC-4648-809E-97669C5ECE34|https://www.familysearch.org/indexing/admin-new/#/projects/BBAAD840-13AA-4D2A-A481-583F595F2ECB/manage/7E992225-4DDC-4648-809E-97669C5ECE34/batches/list];READY_FOR_DELIVERY;
104910631;18-0127: Wisconsin, Wisconsin Vital Records Office, Birth Records, 1964-1980 - (Ancestry 47754) - FSI \\ 18-1425: Wisconsin, Wisconsin Vital Records Office, Birth Records, 1964-1980 - (ACOM, NED IMAGES, ROC ONLY) - FSI;[US, Wisconsin—Birth Records, Charge-Out Forms, 1964–1980 \[Part A\]|https://www.familysearch.org/indexing/admin-new/#/projects/464D15CB-E7AB-4E2A-B8EE-5801228C5B68/overview] \\ [US, Wisconsin—Birth Records, 1964–1980|https://www.familysearch.org/indexing/admin-new/#/projects/BBAAD840-13AA-4D2A-A481-583F595F2ECB/overview];In Production \\ In Production;[US, Wisconsin—Birth Records, 1964–1980|https://www.familysearch.org/indexing/admin-new/#/projects/BBAAD840-13AA-4D2A-A481-583F595F2ECB/overview];[5C2A635D-7661-4E59-A842-96FABEDFA689|https://www.familysearch.org/indexing/admin-new/#/projects/BBAAD840-13AA-4D2A-A481-583F595F2ECB/manage/5C2A635D-7661-4E59-A842-96FABEDFA689/batches/list];READY_FOR_DELIVERY;
104910632;18-0127: Wisconsin, Wisconsin Vital Records Office, Birth Records, 1964-1980 - (Ancestry 47754) - FSI \\ 18-1425: Wisconsin, Wisconsin Vital Records Office, Birth Records, 1964-1980 - (ACOM, NED IMAGES, ROC ONLY) - FSI;[US, Wisconsin—Birth Records, Charge-Out Forms, 1964–1980 \[Part A\]|https://www.familysearch.org/indexing/admin-new/#/projects/464D15CB-E7AB-4E2A-B8EE-5801228C5B68/overview] \\ [US, Wisconsin—Birth Records, 1964–1980|https://www.familysearch.org/indexing/admin-new/#/projects/BBAAD840-13AA-4D2A-A481-583F595F2ECB/overview];In Production \\ In Production;[US, Wisconsin—Birth Records, 1964–1980|https://www.familysearch.org/indexing/admin-new/#/projects/BBAAD840-13AA-4D2A-A481-583F595F2ECB/overview];[E7236EF4-D250-4719-B590-14D6EAFBE769|https://www.familysearch.org/indexing/admin-new/#/projects/BBAAD840-13AA-4D2A-A481-583F595F2ECB/manage/E7236EF4-D250-4719-B590-14D6EAFBE769/batches/list];READY_FOR_DELIVERY;
104910633;18-0127: Wisconsin, Wisconsin Vital Records Office, Birth Records, 1964-1980 - (Ancestry 47754) - FSI \\ 18-1425: Wisconsin, Wisconsin Vital Records Office, Birth Records, 1964-1980 - (ACOM, NED IMAGES, ROC ONLY) - FSI;[US, Wisconsin—Birth Records, Charge-Out Forms, 1964–1980 \[Part A\]|https://www.familysearch.org/indexing/admin-new/#/projects/464D15CB-E7AB-4E2A-B8EE-5801228C5B68/overview] \\ [US, Wisconsin—Birth Records, 1964–1980|https://www.familysearch.org/indexing/admin-new/#/projects/BBAAD840-13AA-4D2A-A481-583F595F2ECB/overview];In Production \\ In Production;[US, Wisconsin—Birth Records, 1964–1980|https://www.familysearch.org/indexing/admin-new/#/projects/BBAAD840-13AA-4D2A-A481-583F595F2ECB/overview];[797BED77-B074-4AEA-9699-A11006D30AC2|https://www.familysearch.org/indexing/admin-new/#/projects/BBAAD840-13AA-4D2A-A481-583F595F2ECB/manage/797BED77-B074-4AEA-9699-A11006D30AC2/batches/list];READY_FOR_DELIVERY;
104910634;18-0127: Wisconsin, Wisconsin Vital Records Office, Birth Records, 1964-1980 - (Ancestry 47754) - FSI \\ 18-1425: Wisconsin, Wisconsin Vital Records Office, Birth Records, 1964-1980 - (ACOM, NED IMAGES, ROC ONLY) - FSI;[US, Wisconsin—Birth Records, Charge-Out Forms, 1964–1980 \[Part A\]|https://www.familysearch.org/indexing/admin-new/#/projects/464D15CB-E7AB-4E2A-B8EE-5801228C5B68/overview] \\ [US, Wisconsin—Birth Records, 1964–1980|https://www.familysearch.org/indexing/admin-new/#/projects/BBAAD840-13AA-4D2A-A481-583F595F2ECB/overview];In Production \\ In Production;[US, Wisconsin—Birth Records, 1964–1980|https://www.familysearch.org/indexing/admin-new/#/projects/BBAAD840-13AA-4D2A-A481-583F595F2ECB/overview];[6EC61BD7-13C3-4FA1-95E5-1F90AFA6BE86|https://www.familysearch.org/indexing/admin-new/#/projects/BBAAD840-13AA-4D2A-A481-583F595F2ECB/manage/6EC61BD7-13C3-4FA1-95E5-1F90AFA6BE86/batches/list];READY_FOR_DELIVERY;
104910635;18-0127: Wisconsin, Wisconsin Vital Records Office, Birth Records, 1964-1980 - (Ancestry 47754) - FSI \\ 18-1425: Wisconsin, Wisconsin Vital Records Office, Birth Records, 1964-1980 - (ACOM, NED IMAGES, ROC ONLY) - FSI;[US, Wisconsin—Birth Records, Charge-Out Forms, 1964–1980 \[Part A\]|https://www.familysearch.org/indexing/admin-new/#/projects/464D15CB-E7AB-4E2A-B8EE-5801228C5B68/overview] \\ [US, Wisconsin—Birth Records, 1964–1980|https://www.familysearch.org/indexing/admin-new/#/projects/BBAAD840-13AA-4D2A-A481-583F595F2ECB/overview];In Production \\ In Production;[US, Wisconsin—Birth Records, 1964–1980|https://www.familysearch.org/indexing/admin-new/#/projects/BBAAD840-13AA-4D2A-A481-583F595F2ECB/overview];[80E0D043-ABD3-474A-B716-CA75D7D7D56B|https://www.familysearch.org/indexing/admin-new/#/projects/BBAAD840-13AA-4D2A-A481-583F595F2ECB/manage/80E0D043-ABD3-474A-B716-CA75D7D7D56B/batches/list];READY_FOR_DELIVERY;
104910636;18-0127: Wisconsin, Wisconsin Vital Records Office, Birth Records, 1964-1980 - (Ancestry 47754) - FSI \\ 18-1425: Wisconsin, Wisconsin Vital Records Office, Birth Records, 1964-1980 - (ACOM, NED IMAGES, ROC ONLY) - FSI;[US, Wisconsin—Birth Records, Charge-Out Forms, 1964–1980 \[Part A\]|https://www.familysearch.org/indexing/admin-new/#/projects/464D15CB-E7AB-4E2A-B8EE-5801228C5B68/overview] \\ [US, Wisconsin—Birth Records, 1964–1980|https://www.familysearch.org/indexing/admin-new/#/projects/BBAAD840-13AA-4D2A-A481-583F595F2ECB/overview];In Production \\ In Production;[US, Wisconsin—Birth Records, 1964–1980|https://www.familysearch.org/indexing/admin-new/#/projects/BBAAD840-13AA-4D2A-A481-583F595F2ECB/overview];[6F8DBC69-42F9-44E6-ADD7-490EC80EE4FE|https://www.familysearch.org/indexing/admin-new/#/projects/BBAAD840-13AA-4D2A-A481-583F595F2ECB/manage/6F8DBC69-42F9-44E6-ADD7-490EC80EE4FE/batches/list];READY_FOR_DELIVERY;
104910637;18-0127: Wisconsin, Wisconsin Vital Records Office, Birth Records, 1964-1980 - (Ancestry 47754) - FSI \\ 18-1425: Wisconsin, Wisconsin Vital Records Office, Birth Records, 1964-1980 - (ACOM, NED IMAGES, ROC ONLY) - FSI;[US, Wisconsin—Birth Records, Charge-Out Forms, 1964–1980 \[Part A\]|https://www.familysearch.org/indexing/admin-new/#/projects/464D15CB-E7AB-4E2A-B8EE-5801228C5B68/overview] \\ [US, Wisconsin—Birth Records, 1964–1980|https://www.familysearch.org/indexing/admin-new/#/projects/BBAAD840-13AA-4D2A-A481-583F595F2ECB/overview];In Production \\ In Production;[US, Wisconsin—Birth Records, 1964–1980|https://www.familysearch.org/indexing/admin-new/#/projects/BBAAD840-13AA-4D2A-A481-583F595F2ECB/overview];[6C53F7DA-C99F-4567-BCB2-C9C89EE62502|https://www.familysearch.org/indexing/admin-new/#/projects/BBAAD840-13AA-4D2A-A481-583F595F2ECB/manage/6C53F7DA-C99F-4567-BCB2-C9C89EE62502/batches/list];READY_FOR_DELIVERY;
104910638;18-0127: Wisconsin, Wisconsin Vital Records Office, Birth Records, 1964-1980 - (Ancestry 47754) - FSI \\ 18-1425: Wisconsin, Wisconsin Vital Records Office, Birth Records, 1964-1980 - (ACOM, NED IMAGES, ROC ONLY) - FSI;[US, Wisconsin—Birth Records, Charge-Out Forms, 1964–1980 \[Part A\]|https://www.familysearch.org/indexing/admin-new/#/projects/464D15CB-E7AB-4E2A-B8EE-5801228C5B68/overview] \\ [US, Wisconsin—Birth Records, 1964–1980|https://www.familysearch.org/indexing/admin-new/#/projects/BBAAD840-13AA-4D2A-A481-583F595F2ECB/overview];In Production \\ In Production;[US, Wisconsin—Birth Records, 1964–1980|https://www.familysearch.org/indexing/admin-new/#/projects/BBAAD840-13AA-4D2A-A481-583F595F2ECB/overview];[4D86DE31-8A3E-4792-9AE7-0B0E29FC5EDB|https://www.familysearch.org/indexing/admin-new/#/projects/BBAAD840-13AA-4D2A-A481-583F595F2ECB/manage/4D86DE31-8A3E-4792-9AE7-0B0E29FC5EDB/batches/list];READY_FOR_DELIVERY;
104910639;18-0127: Wisconsin, Wisconsin Vital Records Office, Birth Records, 1964-1980 - (Ancestry 47754) - FSI \\ 18-1425: Wisconsin, Wisconsin Vital Records Office, Birth Records, 1964-1980 - (ACOM, NED IMAGES, ROC ONLY) - FSI;[US, Wisconsin—Birth Records, Charge-Out Forms, 1964–1980 \[Part A\]|https://www.familysearch.org/indexing/admin-new/#/projects/464D15CB-E7AB-4E2A-B8EE-5801228C5B68/overview] \\ [US, Wisconsin—Birth Records, 1964–1980|https://www.familysearch.org/indexing/admin-new/#/projects/BBAAD840-13AA-4D2A-A481-583F595F2ECB/overview];In Production \\ In Production;[US, Wisconsin—Birth Records, 1964–1980|https://www.familysearch.org/indexing/admin-new/#/projects/BBAAD840-13AA-4D2A-A481-583F595F2ECB/overview];[564E6984-6F94-4C8D-8949-86B97CDFD474|https://www.familysearch.org/indexing/admin-new/#/projects/BBAAD840-13AA-4D2A-A481-583F595F2ECB/manage/564E6984-6F94-4C8D-8949-86B97CDFD474/batches/list];READY_FOR_DELIVERY;
104910640;18-0127: Wisconsin, Wisconsin Vital Records Office, Birth Records, 1964-1980 - (Ancestry 47754) - FSI \\ 18-1425: Wisconsin, Wisconsin Vital Records Office, Birth Records, 1964-1980 - (ACOM, NED IMAGES, ROC ONLY) - FSI;[US, Wisconsin—Birth Records, Charge-Out Forms, 1964–1980 \[Part A\]|https://www.familysearch.org/indexing/admin-new/#/projects/464D15CB-E7AB-4E2A-B8EE-5801228C5B68/overview] \\ [US, Wisconsin—Birth Records, 1964–1980|https://www.familysearch.org/indexing/admin-new/#/projects/BBAAD840-13AA-4D2A-A481-583F595F2ECB/overview];In Production \\ In Production;[US, Wisconsin—Birth Records, 1964–1980|https://www.familysearch.org/indexing/admin-new/#/projects/BBAAD840-13AA-4D2A-A481-583F595F2ECB/overview];[BFEB5544-3079-401B-A6FA-D60165CC1F54|https://www.familysearch.org/indexing/admin-new/#/projects/BBAAD840-13AA-4D2A-A481-583F595F2ECB/manage/BFEB5544-3079-401B-A6FA-D60165CC1F54/batches/list];READY_FOR_DELIVERY;
104910641;18-0127: Wisconsin, Wisconsin Vital Records Office, Birth Records, 1964-1980 - (Ancestry 47754) - FSI \\ 18-1425: Wisconsin, Wisconsin Vital Records Office, Birth Records, 1964-1980 - (ACOM, NED IMAGES, ROC ONLY) - FSI;[US, Wisconsin—Birth Records, Charge-Out Forms, 1964–1980 \[Part A\]|https://www.familysearch.org/indexing/admin-new/#/projects/464D15CB-E7AB-4E2A-B8EE-5801228C5B68/overview] \\ [US, Wisconsin—Birth Records, 1964–1980|https://www.familysearch.org/indexing/admin-new/#/projects/BBAAD840-13AA-4D2A-A481-583F595F2ECB/overview];In Production \\ In Production;[US, Wisconsin—Birth Records, 1964–1980|https://www.familysearch.org/indexing/admin-new/#/projects/BBAAD840-13AA-4D2A-A481-583F595F2ECB/overview];[2B05A2F0-E793-4C09-9F9E-C61AE91FAF9D|https://www.familysearch.org/indexing/admin-new/#/projects/BBAAD840-13AA-4D2A-A481-583F595F2ECB/manage/2B05A2F0-E793-4C09-9F9E-C61AE91FAF9D/batches/list];READY_FOR_DELIVERY;
104910642;18-0127: Wisconsin, Wisconsin Vital Records Office, Birth Records, 1964-1980 - (Ancestry 47754) - FSI \\ 18-1425: Wisconsin, Wisconsin Vital Records Office, Birth Records, 1964-1980 - (ACOM, NED IMAGES, ROC ONLY) - FSI;[US, Wisconsin—Birth Records, Charge-Out Forms, 1964–1980 \[Part A\]|https://www.familysearch.org/indexing/admin-new/#/projects/464D15CB-E7AB-4E2A-B8EE-5801228C5B68/overview] \\ [US, Wisconsin—Birth Records, 1964–1980|https://www.familysearch.org/indexing/admin-new/#/projects/BBAAD840-13AA-4D2A-A481-583F595F2ECB/overview];In Production \\ In Production;[US, Wisconsin—Birth Records, 1964–1980|https://www.familysearch.org/indexing/admin-new/#/projects/BBAAD840-13AA-4D2A-A481-583F595F2ECB/overview];[9AFEACF0-C895-4B00-A2B0-D1AA9B48B929|https://www.familysearch.org/indexing/admin-new/#/projects/BBAAD840-13AA-4D2A-A481-583F595F2ECB/manage/9AFEACF0-C895-4B00-A2B0-D1AA9B48B929/batches/list];READY_FOR_DELIVERY;
104910643;18-0127: Wisconsin, Wisconsin Vital Records Office, Birth Records, 1964-1980 - (Ancestry 47754) - FSI \\ 18-1425: Wisconsin, Wisconsin Vital Records Office, Birth Records, 1964-1980 - (ACOM, NED IMAGES, ROC ONLY) - FSI;[US, Wisconsin—Birth Records, Charge-Out Forms, 1964–1980 \[Part A\]|https://www.familysearch.org/indexing/admin-new/#/projects/464D15CB-E7AB-4E2A-B8EE-5801228C5B68/overview] \\ [US, Wisconsin—Birth Records, 1964–1980|https://www.familysearch.org/indexing/admin-new/#/projects/BBAAD840-13AA-4D2A-A481-583F595F2ECB/overview];In Production \\ In Production;[US, Wisconsin—Birth Records, 1964–1980|https://www.familysearch.org/indexing/admin-new/#/projects/BBAAD840-13AA-4D2A-A481-583F595F2ECB/overview];[01685537-68C2-483B-9BE7-7EE590B38DED|https://www.familysearch.org/indexing/admin-new/#/projects/BBAAD840-13AA-4D2A-A481-583F595F2ECB/manage/01685537-68C2-483B-9BE7-7EE590B38DED/batches/list];READY_FOR_DELIVERY;
104910644;18-0127: Wisconsin, Wisconsin Vital Records Office, Birth Records, 1964-1980 - (Ancestry 47754) - FSI \\ 18-1425: Wisconsin, Wisconsin Vital Records Office, Birth Records, 1964-1980 - (ACOM, NED IMAGES, ROC ONLY) - FSI;[US, Wisconsin—Birth Records, Charge-Out Forms, 1964–1980 \[Part A\]|https://www.familysearch.org/indexing/admin-new/#/projects/464D15CB-E7AB-4E2A-B8EE-5801228C5B68/overview] \\ [US, Wisconsin—Birth Records, 1964–1980|https://www.familysearch.org/indexing/admin-new/#/projects/BBAAD840-13AA-4D2A-A481-583F595F2ECB/overview];In Production \\ In Production;[US, Wisconsin—Birth Records, 1964–1980|https://www.familysearch.org/indexing/admin-new/#/projects/BBAAD840-13AA-4D2A-A481-583F595F2ECB/overview];[9086AB9C-DD6E-45B8-806C-E9E136C7B0C7|https://www.familysearch.org/indexing/admin-new/#/projects/BBAAD840-13AA-4D2A-A481-583F595F2ECB/manage/9086AB9C-DD6E-45B8-806C-E9E136C7B0C7/batches/list];READY_FOR_DELIVERY;
104910645;18-0127: Wisconsin, Wisconsin Vital Records Office, Birth Records, 1964-1980 - (Ancestry 47754) - FSI \\ 18-1425: Wisconsin, Wisconsin Vital Records Office, Birth Records, 1964-1980 - (ACOM, NED IMAGES, ROC ONLY) - FSI;[US, Wisconsin—Birth Records, Charge-Out Forms, 1964–1980 \[Part A\]|https://www.familysearch.org/indexing/admin-new/#/projects/464D15CB-E7AB-4E2A-B8EE-5801228C5B68/overview] \\ [US, Wisconsin—Birth Records, 1964–1980|https://www.familysearch.org/indexing/admin-new/#/projects/BBAAD840-13AA-4D2A-A481-583F595F2ECB/overview];In Production \\ In Production;[US, Wisconsin—Birth Records, 1964–1980|https://www.familysearch.org/indexing/admin-new/#/projects/BBAAD840-13AA-4D2A-A481-583F595F2ECB/overview];[72422E06-CB11-4B14-AFD5-525E1134488E|https://www.familysearch.org/indexing/admin-new/#/projects/BBAAD840-13AA-4D2A-A481-583F595F2ECB/manage/72422E06-CB11-4B14-AFD5-525E1134488E/batches/list];READY_FOR_DELIVERY;
104910646;18-0127: Wisconsin, Wisconsin Vital Records Office, Birth Records, 1964-1980 - (Ancestry 47754) - FSI \\ 18-1425: Wisconsin, Wisconsin Vital Records Office, Birth Records, 1964-1980 - (ACOM, NED IMAGES, ROC ONLY) - FSI;[US, Wisconsin—Birth Records, Charge-Out Forms, 1964–1980 \[Part A\]|https://www.familysearch.org/indexing/admin-new/#/projects/464D15CB-E7AB-4E2A-B8EE-5801228C5B68/overview] \\ [US, Wisconsin—Birth Records, 1964–1980|https://www.familysearch.org/indexing/admin-new/#/projects/BBAAD840-13AA-4D2A-A481-583F595F2ECB/overview];In Production \\ In Production;[US, Wisconsin—Birth Records, 1964–1980|https://www.familysearch.org/indexing/admin-new/#/projects/BBAAD840-13AA-4D2A-A481-583F595F2ECB/overview];[045C268F-546F-4155-895E-0B214F02D38D|https://www.familysearch.org/indexing/admin-new/#/projects/BBAAD840-13AA-4D2A-A481-583F595F2ECB/manage/045C268F-546F-4155-895E-0B214F02D38D/batches/list];READY_FOR_DELIVERY;
104910647;18-0127: Wisconsin, Wisconsin Vital Records Office, Birth Records, 1964-1980 - (Ancestry 47754) - FSI \\ 18-1425: Wisconsin, Wisconsin Vital Records Office, Birth Records, 1964-1980 - (ACOM, NED IMAGES, ROC ONLY) - FSI;[US, Wisconsin—Birth Records, Charge-Out Forms, 1964–1980 \[Part A\]|https://www.familysearch.org/indexing/admin-new/#/projects/464D15CB-E7AB-4E2A-B8EE-5801228C5B68/overview] \\ [US, Wisconsin—Birth Records, 1964–1980|https://www.familysearch.org/indexing/admin-new/#/projects/BBAAD840-13AA-4D2A-A481-583F595F2ECB/overview];In Production \\ In Production;[US, Wisconsin—Birth Records, 1964–1980|https://www.familysearch.org/indexing/admin-new/#/projects/BBAAD840-13AA-4D2A-A481-583F595F2ECB/overview];[DBEC9E2B-916B-47E2-9AE5-DF104ED70E15|https://www.familysearch.org/indexing/admin-new/#/projects/BBAAD840-13AA-4D2A-A481-583F595F2ECB/manage/DBEC9E2B-916B-47E2-9AE5-DF104ED70E15/batches/list];READY_FOR_DELIVERY;
104910648;18-0127: Wisconsin, Wisconsin Vital Records Office, Birth Records, 1964-1980 - (Ancestry 47754) - FSI \\ 18-1425: Wisconsin, Wisconsin Vital Records Office, Birth Records, 1964-1980 - (ACOM, NED IMAGES, ROC ONLY) - FSI;[US, Wisconsin—Birth Records, Charge-Out Forms, 1964–1980 \[Part A\]|https://www.familysearch.org/indexing/admin-new/#/projects/464D15CB-E7AB-4E2A-B8EE-5801228C5B68/overview] \\ [US, Wisconsin—Birth Records, 1964–1980|https://www.familysearch.org/indexing/admin-new/#/projects/BBAAD840-13AA-4D2A-A481-583F595F2ECB/overview];In Production \\ In Production;[US, Wisconsin—Birth Records, 1964–1980|https://www.familysearch.org/indexing/admin-new/#/projects/BBAAD840-13AA-4D2A-A481-583F595F2ECB/overview];[CBB95942-0523-47F2-AB27-88399FE04350|https://www.familysearch.org/indexing/admin-new/#/projects/BBAAD840-13AA-4D2A-A481-583F595F2ECB/manage/CBB95942-0523-47F2-AB27-88399FE04350/batches/list];READY_FOR_DELIVERY;
104910649;18-0127: Wisconsin, Wisconsin Vital Records Office, Birth Records, 1964-1980 - (Ancestry 47754) - FSI \\ 18-1425: Wisconsin, Wisconsin Vital Records Office, Birth Records, 1964-1980 - (ACOM, NED IMAGES, ROC ONLY) - FSI;[US, Wisconsin—Birth Records, Charge-Out Forms, 1964–1980 \[Part A\]|https://www.familysearch.org/indexing/admin-new/#/projects/464D15CB-E7AB-4E2A-B8EE-5801228C5B68/overview] \\ [US, Wisconsin—Birth Records, 1964–1980|https://www.familysearch.org/indexing/admin-new/#/projects/BBAAD840-13AA-4D2A-A481-583F595F2ECB/overview];In Production \\ In Production;[US, Wisconsin—Birth Records, 1964–1980|https://www.familysearch.org/indexing/admin-new/#/projects/BBAAD840-13AA-4D2A-A481-583F595F2ECB/overview];[DAC5C50E-573C-473B-AB9F-D94DD8095866|https://www.familysearch.org/indexing/admin-new/#/projects/BBAAD840-13AA-4D2A-A481-583F595F2ECB/manage/DAC5C50E-573C-473B-AB9F-D94DD8095866/batches/list];READY_FOR_DELIVERY;
104910650;18-0127: Wisconsin, Wisconsin Vital Records Office, Birth Records, 1964-1980 - (Ancestry 47754) - FSI \\ 18-1425: Wisconsin, Wisconsin Vital Records Office, Birth Records, 1964-1980 - (ACOM, NED IMAGES, ROC ONLY) - FSI;[US, Wisconsin—Birth Records, Charge-Out Forms, 1964–1980 \[Part A\]|https://www.familysearch.org/indexing/admin-new/#/projects/464D15CB-E7AB-4E2A-B8EE-5801228C5B68/overview] \\ [US, Wisconsin—Birth Records, 1964–1980|https://www.familysearch.org/indexing/admin-new/#/projects/BBAAD840-13AA-4D2A-A481-583F595F2ECB/overview];In Production \\ In Production;[US, Wisconsin—Birth Records, 1964–1980|https://www.familysearch.org/indexing/admin-new/#/projects/BBAAD840-13AA-4D2A-A481-583F595F2ECB/overview];[DD735BD4-496D-46F0-84DB-538201B30B13|https://www.familysearch.org/indexing/admin-new/#/projects/BBAAD840-13AA-4D2A-A481-583F595F2ECB/manage/DD735BD4-496D-46F0-84DB-538201B30B13/batches/list];READY_FOR_DELIVERY;
104910651;18-0127: Wisconsin, Wisconsin Vital Records Office, Birth Records, 1964-1980 - (Ancestry 47754) - FSI \\ 18-1425: Wisconsin, Wisconsin Vital Records Office, Birth Records, 1964-1980 - (ACOM, NED IMAGES, ROC ONLY) - FSI;[US, Wisconsin—Birth Records, Charge-Out Forms, 1964–1980 \[Part A\]|https://www.familysearch.org/indexing/admin-new/#/projects/464D15CB-E7AB-4E2A-B8EE-5801228C5B68/overview] \\ [US, Wisconsin—Birth Records, 1964–1980|https://www.familysearch.org/indexing/admin-new/#/projects/BBAAD840-13AA-4D2A-A481-583F595F2ECB/overview];In Production \\ In Production;[US, Wisconsin—Birth Records, 1964–1980|https://www.familysearch.org/indexing/admin-new/#/projects/BBAAD840-13AA-4D2A-A481-583F595F2ECB/overview];[7B0B4532-5117-4708-B39F-E5C3CF5726CE|https://www.familysearch.org/indexing/admin-new/#/projects/BBAAD840-13AA-4D2A-A481-583F595F2ECB/manage/7B0B4532-5117-4708-B39F-E5C3CF5726CE/batches/list];READY_FOR_DELIVERY;
104910652;18-0127: Wisconsin, Wisconsin Vital Records Office, Birth Records, 1964-1980 - (Ancestry 47754) - FSI \\ 18-1425: Wisconsin, Wisconsin Vital Records Office, Birth Records, 1964-1980 - (ACOM, NED IMAGES, ROC ONLY) - FSI;[US, Wisconsin—Birth Records, Charge-Out Forms, 1964–1980 \[Part A\]|https://www.familysearch.org/indexing/admin-new/#/projects/464D15CB-E7AB-4E2A-B8EE-5801228C5B68/overview] \\ [US, Wisconsin—Birth Records, 1964–1980|https://www.familysearch.org/indexing/admin-new/#/projects/BBAAD840-13AA-4D2A-A481-583F595F2ECB/overview];In Production \\ In Production;[US, Wisconsin—Birth Records, 1964–1980|https://www.familysearch.org/indexing/admin-new/#/projects/BBAAD840-13AA-4D2A-A481-583F595F2ECB/overview];[DC22266B-A9EC-4DEB-84C0-FE374802ED31|https://www.familysearch.org/indexing/admin-new/#/projects/BBAAD840-13AA-4D2A-A481-583F595F2ECB/manage/DC22266B-A9EC-4DEB-84C0-FE374802ED31/batches/list];READY_FOR_DELIVERY;
104910653;18-0127: Wisconsin, Wisconsin Vital Records Office, Birth Records, 1964-1980 - (Ancestry 47754) - FSI \\ 18-1425: Wisconsin, Wisconsin Vital Records Office, Birth Records, 1964-1980 - (ACOM, NED IMAGES, ROC ONLY) - FSI;[US, Wisconsin—Birth Records, Charge-Out Forms, 1964–1980 \[Part A\]|https://www.familysearch.org/indexing/admin-new/#/projects/464D15CB-E7AB-4E2A-B8EE-5801228C5B68/overview] \\ [US, Wisconsin—Birth Records, 1964–1980|https://www.familysearch.org/indexing/admin-new/#/projects/BBAAD840-13AA-4D2A-A481-583F595F2ECB/overview];In Production \\ In Production;[US, Wisconsin—Birth Records, 1964–1980|https://www.familysearch.org/indexing/admin-new/#/projects/BBAAD840-13AA-4D2A-A481-583F595F2ECB/overview];[92BD0271-1E9A-4CD2-8BE7-E03DCD9C31BC|https://www.familysearch.org/indexing/admin-new/#/projects/BBAAD840-13AA-4D2A-A481-583F595F2ECB/manage/92BD0271-1E9A-4CD2-8BE7-E03DCD9C31BC/batches/list];READY_FOR_DELIVERY;
104910654;18-0127: Wisconsin, Wisconsin Vital Records Office, Birth Records, 1964-1980 - (Ancestry 47754) - FSI \\ 18-1425: Wisconsin, Wisconsin Vital Records Office, Birth Records, 1964-1980 - (ACOM, NED IMAGES, ROC ONLY) - FSI;[US, Wisconsin—Birth Records, Charge-Out Forms, 1964–1980 \[Part A\]|https://www.familysearch.org/indexing/admin-new/#/projects/464D15CB-E7AB-4E2A-B8EE-5801228C5B68/overview] \\ [US, Wisconsin—Birth Records, 1964–1980|https://www.familysearch.org/indexing/admin-new/#/projects/BBAAD840-13AA-4D2A-A481-583F595F2ECB/overview];In Production \\ In Production;[US, Wisconsin—Birth Records, 1964–1980|https://www.familysearch.org/indexing/admin-new/#/projects/BBAAD840-13AA-4D2A-A481-583F595F2ECB/overview];[801D07A0-A441-4540-818B-86F62ED365B1|https://www.familysearch.org/indexing/admin-new/#/projects/BBAAD840-13AA-4D2A-A481-583F595F2ECB/manage/801D07A0-A441-4540-818B-86F62ED365B1/batches/list];READY_FOR_DELIVERY;
104910655;18-0127: Wisconsin, Wisconsin Vital Records Office, Birth Records, 1964-1980 - (Ancestry 47754) - FSI \\ 18-1425: Wisconsin, Wisconsin Vital Records Office, Birth Records, 1964-1980 - (ACOM, NED IMAGES, ROC ONLY) - FSI;[US, Wisconsin—Birth Records, Charge-Out Forms, 1964–1980 \[Part A\]|https://www.familysearch.org/indexing/admin-new/#/projects/464D15CB-E7AB-4E2A-B8EE-5801228C5B68/overview] \\ [US, Wisconsin—Birth Records, 1964–1980|https://www.familysearch.org/indexing/admin-new/#/projects/BBAAD840-13AA-4D2A-A481-583F595F2ECB/overview];In Production \\ In Production;[US, Wisconsin—Birth Records, 1964–1980|https://www.familysearch.org/indexing/admin-new/#/projects/BBAAD840-13AA-4D2A-A481-583F595F2ECB/overview];[518449F7-44D3-4843-B19E-9FD0C461B7B1|https://www.familysearch.org/indexing/admin-new/#/projects/BBAAD840-13AA-4D2A-A481-583F595F2ECB/manage/518449F7-44D3-4843-B19E-9FD0C461B7B1/batches/list];READY_FOR_DELIVERY;
104910656;18-0127: Wisconsin, Wisconsin Vital Records Office, Birth Records, 1964-1980 - (Ancestry 47754) - FSI \\ 18-1425: Wisconsin, Wisconsin Vital Records Office, Birth Records, 1964-1980 - (ACOM, NED IMAGES, ROC ONLY) - FSI;[US, Wisconsin—Birth Records, Charge-Out Forms, 1964–1980 \[Part A\]|https://www.familysearch.org/indexing/admin-new/#/projects/464D15CB-E7AB-4E2A-B8EE-5801228C5B68/overview] \\ [US, Wisconsin—Birth Records, 1964–1980|https://www.familysearch.org/indexing/admin-new/#/projects/BBAAD840-13AA-4D2A-A481-583F595F2ECB/overview];In Production \\ In Production;[US, Wisconsin—Birth Records, 1964–1980|https://www.familysearch.org/indexing/admin-new/#/projects/BBAAD840-13AA-4D2A-A481-583F595F2ECB/overview];[87A25534-6DBE-4A24-8F3C-CAFAB77040E1|https://www.familysearch.org/indexing/admin-new/#/projects/BBAAD840-13AA-4D2A-A481-583F595F2ECB/manage/87A25534-6DBE-4A24-8F3C-CAFAB77040E1/batches/list];READY_FOR_DELIVERY;
104910657;18-0127: Wisconsin, Wisconsin Vital Records Office, Birth Records, 1964-1980 - (Ancestry 47754) - FSI \\ 18-1425: Wisconsin, Wisconsin Vital Records Office, Birth Records, 1964-1980 - (ACOM, NED IMAGES, ROC ONLY) - FSI;[US, Wisconsin—Birth Records, Charge-Out Forms, 1964–1980 \[Part A\]|https://www.familysearch.org/indexing/admin-new/#/projects/464D15CB-E7AB-4E2A-B8EE-5801228C5B68/overview] \\ [US, Wisconsin—Birth Records, 1964–1980|https://www.familysearch.org/indexing/admin-new/#/projects/BBAAD840-13AA-4D2A-A481-583F595F2ECB/overview];In Production \\ In Production;[US, Wisconsin—Birth Records, 1964–1980|https://www.familysearch.org/indexing/admin-new/#/projects/BBAAD840-13AA-4D2A-A481-583F595F2ECB/overview];[78C48F14-133C-4264-83EC-7629684E99E2|https://www.familysearch.org/indexing/admin-new/#/projects/BBAAD840-13AA-4D2A-A481-583F595F2ECB/manage/78C48F14-133C-4264-83EC-7629684E99E2/batches/list];READY_FOR_DELIVERY;
104910658;18-0127: Wisconsin, Wisconsin Vital Records Office, Birth Records, 1964-1980 - (Ancestry 47754) - FSI \\ 18-1425: Wisconsin, Wisconsin Vital Records Office, Birth Records, 1964-1980 - (ACOM, NED IMAGES, ROC ONLY) - FSI;[US, Wisconsin—Birth Records, Charge-Out Forms, 1964–1980 \[Part A\]|https://www.familysearch.org/indexing/admin-new/#/projects/464D15CB-E7AB-4E2A-B8EE-5801228C5B68/overview] \\ [US, Wisconsin—Birth Records, 1964–1980|https://www.familysearch.org/indexing/admin-new/#/projects/BBAAD840-13AA-4D2A-A481-583F595F2ECB/overview];In Production \\ In Production;[US, Wisconsin—Birth Records, 1964–1980|https://www.familysearch.org/indexing/admin-new/#/projects/BBAAD840-13AA-4D2A-A481-583F595F2ECB/overview];[4163C0E2-94A8-429C-908E-93A7C5072E81|https://www.familysearch.org/indexing/admin-new/#/projects/BBAAD840-13AA-4D2A-A481-583F595F2ECB/manage/4163C0E2-94A8-429C-908E-93A7C5072E81/batches/list];READY_FOR_DELIVERY;
104910659;18-0127: Wisconsin, Wisconsin Vital Records Office, Birth Records, 1964-1980 - (Ancestry 47754) - FSI \\ 18-1425: Wisconsin, Wisconsin Vital Records Office, Birth Records, 1964-1980 - (ACOM, NED IMAGES, ROC ONLY) - FSI;[US, Wisconsin—Birth Records, Charge-Out Forms, 1964–1980 \[Part A\]|https://www.familysearch.org/indexing/admin-new/#/projects/464D15CB-E7AB-4E2A-B8EE-5801228C5B68/overview] \\ [US, Wisconsin—Birth Records, 1964–1980|https://www.familysearch.org/indexing/admin-new/#/projects/BBAAD840-13AA-4D2A-A481-583F595F2ECB/overview];In Production \\ In Production;[US, Wisconsin—Birth Records, 1964–1980|https://www.familysearch.org/indexing/admin-new/#/projects/BBAAD840-13AA-4D2A-A481-583F595F2ECB/overview];[D40806EE-0D94-4246-89FF-74E1F5E6E74E|https://www.familysearch.org/indexing/admin-new/#/projects/BBAAD840-13AA-4D2A-A481-583F595F2ECB/manage/D40806EE-0D94-4246-89FF-74E1F5E6E74E/batches/list];READY_FOR_DELIVERY;
104910660;18-0127: Wisconsin, Wisconsin Vital Records Office, Birth Records, 1964-1980 - (Ancestry 47754) - FSI \\ 18-1425: Wisconsin, Wisconsin Vital Records Office, Birth Records, 1964-1980 - (ACOM, NED IMAGES, ROC ONLY) - FSI;[US, Wisconsin—Birth Records, Charge-Out Forms, 1964–1980 \[Part A\]|https://www.familysearch.org/indexing/admin-new/#/projects/464D15CB-E7AB-4E2A-B8EE-5801228C5B68/overview] \\ [US, Wisconsin—Birth Records, 1964–1980|https://www.familysearch.org/indexing/admin-new/#/projects/BBAAD840-13AA-4D2A-A481-583F595F2ECB/overview];In Production \\ In Production;[US, Wisconsin—Birth Records, 1964–1980|https://www.familysearch.org/indexing/admin-new/#/projects/BBAAD840-13AA-4D2A-A481-583F595F2ECB/overview];[AE6C597A-4D93-4F84-9D28-7B1F8DCE82E2|https://www.familysearch.org/indexing/admin-new/#/projects/BBAAD840-13AA-4D2A-A481-583F595F2ECB/manage/AE6C597A-4D93-4F84-9D28-7B1F8DCE82E2/batches/list];READY_FOR_DELIVERY;
104910661;18-0127: Wisconsin, Wisconsin Vital Records Office, Birth Records, 1964-1980 - (Ancestry 47754) - FSI \\ 18-1425: Wisconsin, Wisconsin Vital Records Office, Birth Records, 1964-1980 - (ACOM, NED IMAGES, ROC ONLY) - FSI;[US, Wisconsin—Birth Records, Charge-Out Forms, 1964–1980 \[Part A\]|https://www.familysearch.org/indexing/admin-new/#/projects/464D15CB-E7AB-4E2A-B8EE-5801228C5B68/overview] \\ [US, Wisconsin—Birth Records, 1964–1980|https://www.familysearch.org/indexing/admin-new/#/projects/BBAAD840-13AA-4D2A-A481-583F595F2ECB/overview];In Production \\ In Production;[US, Wisconsin—Birth Records, 1964–1980|https://www.familysearch.org/indexing/admin-new/#/projects/BBAAD840-13AA-4D2A-A481-583F595F2ECB/overview];[965E666C-B223-4E2A-9C65-11A041B3CCAB|https://www.familysearch.org/indexing/admin-new/#/projects/BBAAD840-13AA-4D2A-A481-583F595F2ECB/manage/965E666C-B223-4E2A-9C65-11A041B3CCAB/batches/list];READY_FOR_DELIVERY;
104910662;18-0127: Wisconsin, Wisconsin Vital Records Office, Birth Records, 1964-1980 - (Ancestry 47754) - FSI \\ 18-1425: Wisconsin, Wisconsin Vital Records Office, Birth Records, 1964-1980 - (ACOM, NED IMAGES, ROC ONLY) - FSI;[US, Wisconsin—Birth Records, Charge-Out Forms, 1964–1980 \[Part A\]|https://www.familysearch.org/indexing/admin-new/#/projects/464D15CB-E7AB-4E2A-B8EE-5801228C5B68/overview] \\ [US, Wisconsin—Birth Records, 1964–1980|https://www.familysearch.org/indexing/admin-new/#/projects/BBAAD840-13AA-4D2A-A481-583F595F2ECB/overview];In Production \\ In Production;[US, Wisconsin—Birth Records, 1964–1980|https://www.familysearch.org/indexing/admin-new/#/projects/BBAAD840-13AA-4D2A-A481-583F595F2ECB/overview];[334721D2-D68F-4B49-816B-D71D63F4CA08|https://www.familysearch.org/indexing/admin-new/#/projects/BBAAD840-13AA-4D2A-A481-583F595F2ECB/manage/334721D2-D68F-4B49-816B-D71D63F4CA08/batches/list];READY_FOR_DELIVERY;
104910663;18-0127: Wisconsin, Wisconsin Vital Records Office, Birth Records, 1964-1980 - (Ancestry 47754) - FSI \\ 18-1425: Wisconsin, Wisconsin Vital Records Office, Birth Records, 1964-1980 - (ACOM, NED IMAGES, ROC ONLY) - FSI;[US, Wisconsin—Birth Records, Charge-Out Forms, 1964–1980 \[Part A\]|https://www.familysearch.org/indexing/admin-new/#/projects/464D15CB-E7AB-4E2A-B8EE-5801228C5B68/overview] \\ [US, Wisconsin—Birth Records, 1964–1980|https://www.familysearch.org/indexing/admin-new/#/projects/BBAAD840-13AA-4D2A-A481-583F595F2ECB/overview];In Production \\ In Production;[US, Wisconsin—Birth Records, 1964–1980|https://www.familysearch.org/indexing/admin-new/#/projects/BBAAD840-13AA-4D2A-A481-583F595F2ECB/overview];[E149CF5C-CA41-446F-960E-AF9998A71104|https://www.familysearch.org/indexing/admin-new/#/projects/BBAAD840-13AA-4D2A-A481-583F595F2ECB/manage/E149CF5C-CA41-446F-960E-AF9998A71104/batches/list];READY_FOR_DELIVERY;
104910664;18-0127: Wisconsin, Wisconsin Vital Records Office, Birth Records, 1964-1980 - (Ancestry 47754) - FSI \\ 18-1425: Wisconsin, Wisconsin Vital Records Office, Birth Records, 1964-1980 - (ACOM, NED IMAGES, ROC ONLY) - FSI;[US, Wisconsin—Birth Records, Charge-Out Forms, 1964–1980 \[Part A\]|https://www.familysearch.org/indexing/admin-new/#/projects/464D15CB-E7AB-4E2A-B8EE-5801228C5B68/overview] \\ [US, Wisconsin—Birth Records, 1964–1980|https://www.familysearch.org/indexing/admin-new/#/projects/BBAAD840-13AA-4D2A-A481-583F595F2ECB/overview];In Production \\ In Production;[US, Wisconsin—Birth Records, 1964–1980|https://www.familysearch.org/indexing/admin-new/#/projects/BBAAD840-13AA-4D2A-A481-583F595F2ECB/overview];[1B15824F-51A3-42BC-B367-12F1CAD8E040|https://www.familysearch.org/indexing/admin-new/#/projects/BBAAD840-13AA-4D2A-A481-583F595F2ECB/manage/1B15824F-51A3-42BC-B367-12F1CAD8E040/batches/list];READY_FOR_DELIVERY;
104910665;18-0127: Wisconsin, Wisconsin Vital Records Office, Birth Records, 1964-1980 - (Ancestry 47754) - FSI \\ 18-1425: Wisconsin, Wisconsin Vital Records Office, Birth Records, 1964-1980 - (ACOM, NED IMAGES, ROC ONLY) - FSI;[US, Wisconsin—Birth Records, Charge-Out Forms, 1964–1980 \[Part A\]|https://www.familysearch.org/indexing/admin-new/#/projects/464D15CB-E7AB-4E2A-B8EE-5801228C5B68/overview] \\ [US, Wisconsin—Birth Records, 1964–1980|https://www.familysearch.org/indexing/admin-new/#/projects/BBAAD840-13AA-4D2A-A481-583F595F2ECB/overview];In Production \\ In Production;[US, Wisconsin—Birth Records, 1964–1980|https://www.familysearch.org/indexing/admin-new/#/projects/BBAAD840-13AA-4D2A-A481-583F595F2ECB/overview];[82978993-5282-4AD6-8894-2877E18FA13E|https://www.familysearch.org/indexing/admin-new/#/projects/BBAAD840-13AA-4D2A-A481-583F595F2ECB/manage/82978993-5282-4AD6-8894-2877E18FA13E/batches/list];READY_FOR_DELIVERY;
104910666;18-0127: Wisconsin, Wisconsin Vital Records Office, Birth Records, 1964-1980 - (Ancestry 47754) - FSI \\ 18-1425: Wisconsin, Wisconsin Vital Records Office, Birth Records, 1964-1980 - (ACOM, NED IMAGES, ROC ONLY) - FSI;[US, Wisconsin—Birth Records, Charge-Out Forms, 1964–1980 \[Part A\]|https://www.familysearch.org/indexing/admin-new/#/projects/464D15CB-E7AB-4E2A-B8EE-5801228C5B68/overview] \\ [US, Wisconsin—Birth Records, 1964–1980|https://www.familysearch.org/indexing/admin-new/#/projects/BBAAD840-13AA-4D2A-A481-583F595F2ECB/overview];In Production \\ In Production;[US, Wisconsin—Birth Records, 1964–1980|https://www.familysearch.org/indexing/admin-new/#/projects/BBAAD840-13AA-4D2A-A481-583F595F2ECB/overview];[FCD7811B-A168-49C3-8310-A4AB228FDE02|https://www.familysearch.org/indexing/admin-new/#/projects/BBAAD840-13AA-4D2A-A481-583F595F2ECB/manage/FCD7811B-A168-49C3-8310-A4AB228FDE02/batches/list];READY_FOR_DELIVERY;
104910667;18-0127: Wisconsin, Wisconsin Vital Records Office, Birth Records, 1964-1980 - (Ancestry 47754) - FSI \\ 18-1425: Wisconsin, Wisconsin Vital Records Office, Birth Records, 1964-1980 - (ACOM, NED IMAGES, ROC ONLY) - FSI;[US, Wisconsin—Birth Records, Charge-Out Forms, 1964–1980 \[Part A\]|https://www.familysearch.org/indexing/admin-new/#/projects/464D15CB-E7AB-4E2A-B8EE-5801228C5B68/overview] \\ [US, Wisconsin—Birth Records, 1964–1980|https://www.familysearch.org/indexing/admin-new/#/projects/BBAAD840-13AA-4D2A-A481-583F595F2ECB/overview];In Production \\ In Production;[US, Wisconsin—Birth Records, 1964–1980|https://www.familysearch.org/indexing/admin-new/#/projects/BBAAD840-13AA-4D2A-A481-583F595F2ECB/overview];[56B6E3C2-7FED-4947-9994-78F5E4F82AEB|https://www.familysearch.org/indexing/admin-new/#/projects/BBAAD840-13AA-4D2A-A481-583F595F2ECB/manage/56B6E3C2-7FED-4947-9994-78F5E4F82AEB/batches/list];READY_FOR_DELIVERY;
104910668;18-0127: Wisconsin, Wisconsin Vital Records Office, Birth Records, 1964-1980 - (Ancestry 47754) - FSI \\ 18-1425: Wisconsin, Wisconsin Vital Records Office, Birth Records, 1964-1980 - (ACOM, NED IMAGES, ROC ONLY) - FSI;[US, Wisconsin—Birth Records, Charge-Out Forms, 1964–1980 \[Part A\]|https://www.familysearch.org/indexing/admin-new/#/projects/464D15CB-E7AB-4E2A-B8EE-5801228C5B68/overview] \\ [US, Wisconsin—Birth Records, 1964–1980|https://www.familysearch.org/indexing/admin-new/#/projects/BBAAD840-13AA-4D2A-A481-583F595F2ECB/overview];In Production \\ In Production;[US, Wisconsin—Birth Records, 1964–1980|https://www.familysearch.org/indexing/admin-new/#/projects/BBAAD840-13AA-4D2A-A481-583F595F2ECB/overview];[693EF593-4C6C-4835-8873-AE860301CF00|https://www.familysearch.org/indexing/admin-new/#/projects/BBAAD840-13AA-4D2A-A481-583F595F2ECB/manage/693EF593-4C6C-4835-8873-AE860301CF00/batches/list];READY_FOR_DELIVERY;
104910669;18-0127: Wisconsin, Wisconsin Vital Records Office, Birth Records, 1964-1980 - (Ancestry 47754) - FSI \\ 18-1425: Wisconsin, Wisconsin Vital Records Office, Birth Records, 1964-1980 - (ACOM, NED IMAGES, ROC ONLY) - FSI;[US, Wisconsin—Birth Records, Charge-Out Forms, 1964–1980 \[Part A\]|https://www.familysearch.org/indexing/admin-new/#/projects/464D15CB-E7AB-4E2A-B8EE-5801228C5B68/overview] \\ [US, Wisconsin—Birth Records, 1964–1980|https://www.familysearch.org/indexing/admin-new/#/projects/BBAAD840-13AA-4D2A-A481-583F595F2ECB/overview];In Production \\ In Production;[US, Wisconsin—Birth Records, 1964–1980|https://www.familysearch.org/indexing/admin-new/#/projects/BBAAD840-13AA-4D2A-A481-583F595F2ECB/overview];[C5984D65-7743-4021-B9FB-73EAE88FBCC2|https://www.familysearch.org/indexing/admin-new/#/projects/BBAAD840-13AA-4D2A-A481-583F595F2ECB/manage/C5984D65-7743-4021-B9FB-73EAE88FBCC2/batches/list];READY_FOR_DELIVERY;
104910670;18-0127: Wisconsin, Wisconsin Vital Records Office, Birth Records, 1964-1980 - (Ancestry 47754) - FSI \\ 18-1425: Wisconsin, Wisconsin Vital Records Office, Birth Records, 1964-1980 - (ACOM, NED IMAGES, ROC ONLY) - FSI;[US, Wisconsin—Birth Records, Charge-Out Forms, 1964–1980 \[Part A\]|https://www.familysearch.org/indexing/admin-new/#/projects/464D15CB-E7AB-4E2A-B8EE-5801228C5B68/overview] \\ [US, Wisconsin—Birth Records, 1964–1980|https://www.familysearch.org/indexing/admin-new/#/projects/BBAAD840-13AA-4D2A-A481-583F595F2ECB/overview];In Production \\ In Production;[US, Wisconsin—Birth Records, 1964–1980|https://www.familysearch.org/indexing/admin-new/#/projects/BBAAD840-13AA-4D2A-A481-583F595F2ECB/overview];[D5B28B45-941C-477E-A621-BF9842801C9A|https://www.familysearch.org/indexing/admin-new/#/projects/BBAAD840-13AA-4D2A-A481-583F595F2ECB/manage/D5B28B45-941C-477E-A621-BF9842801C9A/batches/list];READY_FOR_DELIVERY;
104910671;18-0127: Wisconsin, Wisconsin Vital Records Office, Birth Records, 1964-1980 - (Ancestry 47754) - FSI \\ 18-1425: Wisconsin, Wisconsin Vital Records Office, Birth Records, 1964-1980 - (ACOM, NED IMAGES, ROC ONLY) - FSI;[US, Wisconsin—Birth Records, Charge-Out Forms, 1964–1980 \[Part A\]|https://www.familysearch.org/indexing/admin-new/#/projects/464D15CB-E7AB-4E2A-B8EE-5801228C5B68/overview] \\ [US, Wisconsin—Birth Records, 1964–1980|https://www.familysearch.org/indexing/admin-new/#/projects/BBAAD840-13AA-4D2A-A481-583F595F2ECB/overview];In Production \\ In Production;[US, Wisconsin—Birth Records, 1964–1980|https://www.familysearch.org/indexing/admin-new/#/projects/BBAAD840-13AA-4D2A-A481-583F595F2ECB/overview];[DBA9D76C-18DB-4F64-9046-57FB35845679|https://www.familysearch.org/indexing/admin-new/#/projects/BBAAD840-13AA-4D2A-A481-583F595F2ECB/manage/DBA9D76C-18DB-4F64-9046-57FB35845679/batches/list];READY_FOR_DELIVERY;
104910672;18-0127: Wisconsin, Wisconsin Vital Records Office, Birth Records, 1964-1980 - (Ancestry 47754) - FSI \\ 18-1425: Wisconsin, Wisconsin Vital Records Office, Birth Records, 1964-1980 - (ACOM, NED IMAGES, ROC ONLY) - FSI;[US, Wisconsin—Birth Records, Charge-Out Forms, 1964–1980 \[Part A\]|https://www.familysearch.org/indexing/admin-new/#/projects/464D15CB-E7AB-4E2A-B8EE-5801228C5B68/overview] \\ [US, Wisconsin—Birth Records, 1964–1980|https://www.familysearch.org/indexing/admin-new/#/projects/BBAAD840-13AA-4D2A-A481-583F595F2ECB/overview];In Production \\ In Production;[US, Wisconsin—Birth Records, 1964–1980|https://www.familysearch.org/indexing/admin-new/#/projects/BBAAD840-13AA-4D2A-A481-583F595F2ECB/overview];[ECFA5AEE-8F53-4249-B141-F9118E0EF4CF|https://www.familysearch.org/indexing/admin-new/#/projects/BBAAD840-13AA-4D2A-A481-583F595F2ECB/manage/ECFA5AEE-8F53-4249-B141-F9118E0EF4CF/batches/list];READY_FOR_DELIVERY;
104910673;18-0127: Wisconsin, Wisconsin Vital Records Office, Birth Records, 1964-1980 - (Ancestry 47754) - FSI \\ 18-1425: Wisconsin, Wisconsin Vital Records Office, Birth Records, 1964-1980 - (ACOM, NED IMAGES, ROC ONLY) - FSI;[US, Wisconsin—Birth Records, Charge-Out Forms, 1964–1980 \[Part A\]|https://www.familysearch.org/indexing/admin-new/#/projects/464D15CB-E7AB-4E2A-B8EE-5801228C5B68/overview] \\ [US, Wisconsin—Birth Records, 1964–1980|https://www.familysearch.org/indexing/admin-new/#/projects/BBAAD840-13AA-4D2A-A481-583F595F2ECB/overview];In Production \\ In Production;[US, Wisconsin—Birth Records, 1964–1980|https://www.familysearch.org/indexing/admin-new/#/projects/BBAAD840-13AA-4D2A-A481-583F595F2ECB/overview];[860ED086-6DAC-42BE-9319-97DE1366B925|https://www.familysearch.org/indexing/admin-new/#/projects/BBAAD840-13AA-4D2A-A481-583F595F2ECB/manage/860ED086-6DAC-42BE-9319-97DE1366B925/batches/list];READY_FOR_DELIVERY;
104910674;18-0127: Wisconsin, Wisconsin Vital Records Office, Birth Records, 1964-1980 - (Ancestry 47754) - FSI \\ 18-1425: Wisconsin, Wisconsin Vital Records Office, Birth Records, 1964-1980 - (ACOM, NED IMAGES, ROC ONLY) - FSI;[US, Wisconsin—Birth Records, Charge-Out Forms, 1964–1980 \[Part A\]|https://www.familysearch.org/indexing/admin-new/#/projects/464D15CB-E7AB-4E2A-B8EE-5801228C5B68/overview] \\ [US, Wisconsin—Birth Records, 1964–1980|https://www.familysearch.org/indexing/admin-new/#/projects/BBAAD840-13AA-4D2A-A481-583F595F2ECB/overview];In Production \\ In Production;[US, Wisconsin—Birth Records, 1964–1980|https://www.familysearch.org/indexing/admin-new/#/projects/BBAAD840-13AA-4D2A-A481-583F595F2ECB/overview];[6B558AC5-7F77-4883-90E2-97DFDC0CCDA6|https://www.familysearch.org/indexing/admin-new/#/projects/BBAAD840-13AA-4D2A-A481-583F595F2ECB/manage/6B558AC5-7F77-4883-90E2-97DFDC0CCDA6/batches/list];READY_FOR_DELIVERY;
104910675;18-0127: Wisconsin, Wisconsin Vital Records Office, Birth Records, 1964-1980 - (Ancestry 47754) - FSI \\ 18-1425: Wisconsin, Wisconsin Vital Records Office, Birth Records, 1964-1980 - (ACOM, NED IMAGES, ROC ONLY) - FSI;[US, Wisconsin—Birth Records, Charge-Out Forms, 1964–1980 \[Part A\]|https://www.familysearch.org/indexing/admin-new/#/projects/464D15CB-E7AB-4E2A-B8EE-5801228C5B68/overview] \\ [US, Wisconsin—Birth Records, 1964–1980|https://www.familysearch.org/indexing/admin-new/#/projects/BBAAD840-13AA-4D2A-A481-583F595F2ECB/overview];In Production \\ In Production;[US, Wisconsin—Birth Records, 1964–1980|https://www.familysearch.org/indexing/admin-new/#/projects/BBAAD840-13AA-4D2A-A481-583F595F2ECB/overview];[1E13FC87-AE3D-4E5D-A226-A1EE65B55E50|https://www.familysearch.org/indexing/admin-new/#/projects/BBAAD840-13AA-4D2A-A481-583F595F2ECB/manage/1E13FC87-AE3D-4E5D-A226-A1EE65B55E50/batches/list];READY_FOR_DELIVERY;
104910676;18-0127: Wisconsin, Wisconsin Vital Records Office, Birth Records, 1964-1980 - (Ancestry 47754) - FSI \\ 18-1425: Wisconsin, Wisconsin Vital Records Office, Birth Records, 1964-1980 - (ACOM, NED IMAGES, ROC ONLY) - FSI;[US, Wisconsin—Birth Records, Charge-Out Forms, 1964–1980 \[Part A\]|https://www.familysearch.org/indexing/admin-new/#/projects/464D15CB-E7AB-4E2A-B8EE-5801228C5B68/overview] \\ [US, Wisconsin—Birth Records, 1964–1980|https://www.familysearch.org/indexing/admin-new/#/projects/BBAAD840-13AA-4D2A-A481-583F595F2ECB/overview];In Production \\ In Production;[US, Wisconsin—Birth Records, 1964–1980|https://www.familysearch.org/indexing/admin-new/#/projects/BBAAD840-13AA-4D2A-A481-583F595F2ECB/overview];[621287AF-114F-4C65-9CB5-BB9DB1117115|https://www.familysearch.org/indexing/admin-new/#/projects/BBAAD840-13AA-4D2A-A481-583F595F2ECB/manage/621287AF-114F-4C65-9CB5-BB9DB1117115/batches/list];READY_FOR_DELIVERY;
104910677;18-0127: Wisconsin, Wisconsin Vital Records Office, Birth Records, 1964-1980 - (Ancestry 47754) - FSI \\ 18-1425: Wisconsin, Wisconsin Vital Records Office, Birth Records, 1964-1980 - (ACOM, NED IMAGES, ROC ONLY) - FSI;[US, Wisconsin—Birth Records, Charge-Out Forms, 1964–1980 \[Part A\]|https://www.familysearch.org/indexing/admin-new/#/projects/464D15CB-E7AB-4E2A-B8EE-5801228C5B68/overview] \\ [US, Wisconsin—Birth Records, 1964–1980|https://www.familysearch.org/indexing/admin-new/#/projects/BBAAD840-13AA-4D2A-A481-583F595F2ECB/overview];In Production \\ In Production;[US, Wisconsin—Birth Records, 1964–1980|https://www.familysearch.org/indexing/admin-new/#/projects/BBAAD840-13AA-4D2A-A481-583F595F2ECB/overview];[46F7E8F1-1A47-4737-A089-CE57CB454CE0|https://www.familysearch.org/indexing/admin-new/#/projects/BBAAD840-13AA-4D2A-A481-583F595F2ECB/manage/46F7E8F1-1A47-4737-A089-CE57CB454CE0/batches/list];READY_FOR_DELIVERY;
104910678;18-0127: Wisconsin, Wisconsin Vital Records Office, Birth Records, 1964-1980 - (Ancestry 47754) - FSI \\ 18-1425: Wisconsin, Wisconsin Vital Records Office, Birth Records, 1964-1980 - (ACOM, NED IMAGES, ROC ONLY) - FSI;[US, Wisconsin—Birth Records, Charge-Out Forms, 1964–1980 \[Part A\]|https://www.familysearch.org/indexing/admin-new/#/projects/464D15CB-E7AB-4E2A-B8EE-5801228C5B68/overview] \\ [US, Wisconsin—Birth Records, 1964–1980|https://www.familysearch.org/indexing/admin-new/#/projects/BBAAD840-13AA-4D2A-A481-583F595F2ECB/overview];In Production \\ In Production;[US, Wisconsin—Birth Records, 1964–1980|https://www.familysearch.org/indexing/admin-new/#/projects/BBAAD840-13AA-4D2A-A481-583F595F2ECB/overview];[D29C11E3-1C3E-4199-A41D-718AF945C700|https://www.familysearch.org/indexing/admin-new/#/projects/BBAAD840-13AA-4D2A-A481-583F595F2ECB/manage/D29C11E3-1C3E-4199-A41D-718AF945C700/batches/list];READY_FOR_DELIVERY;
104910679;18-0127: Wisconsin, Wisconsin Vital Records Office, Birth Records, 1964-1980 - (Ancestry 47754) - FSI \\ 18-1425: Wisconsin, Wisconsin Vital Records Office, Birth Records, 1964-1980 - (ACOM, NED IMAGES, ROC ONLY) - FSI;[US, Wisconsin—Birth Records, Charge-Out Forms, 1964–1980 \[Part A\]|https://www.familysearch.org/indexing/admin-new/#/projects/464D15CB-E7AB-4E2A-B8EE-5801228C5B68/overview] \\ [US, Wisconsin—Birth Records, 1964–1980|https://www.familysearch.org/indexing/admin-new/#/projects/BBAAD840-13AA-4D2A-A481-583F595F2ECB/overview];In Production \\ In Production;[US, Wisconsin—Birth Records, 1964–1980|https://www.familysearch.org/indexing/admin-new/#/projects/BBAAD840-13AA-4D2A-A481-583F595F2ECB/overview];[D7A000E0-5B81-4893-9FB1-713F52EFCF48|https://www.familysearch.org/indexing/admin-new/#/projects/BBAAD840-13AA-4D2A-A481-583F595F2ECB/manage/D7A000E0-5B81-4893-9FB1-713F52EFCF48/batches/list];READY_FOR_DELIVERY;
104910680;18-0127: Wisconsin, Wisconsin Vital Records Office, Birth Records, 1964-1980 - (Ancestry 47754) - FSI \\ 18-1425: Wisconsin, Wisconsin Vital Records Office, Birth Records, 1964-1980 - (ACOM, NED IMAGES, ROC ONLY) - FSI;[US, Wisconsin—Birth Records, Charge-Out Forms, 1964–1980 \[Part A\]|https://www.familysearch.org/indexing/admin-new/#/projects/464D15CB-E7AB-4E2A-B8EE-5801228C5B68/overview] \\ [US, Wisconsin—Birth Records, 1964–1980|https://www.familysearch.org/indexing/admin-new/#/projects/BBAAD840-13AA-4D2A-A481-583F595F2ECB/overview];In Production \\ In Production;[US, Wisconsin—Birth Records, 1964–1980|https://www.familysearch.org/indexing/admin-new/#/projects/BBAAD840-13AA-4D2A-A481-583F595F2ECB/overview];[61A7DABE-CCDF-46B2-ABF9-1DFC405F58D3|https://www.familysearch.org/indexing/admin-new/#/projects/BBAAD840-13AA-4D2A-A481-583F595F2ECB/manage/61A7DABE-CCDF-46B2-ABF9-1DFC405F58D3/batches/list];READY_FOR_DELIVERY;
104910681;18-0127: Wisconsin, Wisconsin Vital Records Office, Birth Records, 1964-1980 - (Ancestry 47754) - FSI \\ 18-1425: Wisconsin, Wisconsin Vital Records Office, Birth Records, 1964-1980 - (ACOM, NED IMAGES, ROC ONLY) - FSI;[US, Wisconsin—Birth Records, Charge-Out Forms, 1964–1980 \[Part A\]|https://www.familysearch.org/indexing/admin-new/#/projects/464D15CB-E7AB-4E2A-B8EE-5801228C5B68/overview] \\ [US, Wisconsin—Birth Records, 1964–1980|https://www.familysearch.org/indexing/admin-new/#/projects/BBAAD840-13AA-4D2A-A481-583F595F2ECB/overview];In Production \\ In Production;[US, Wisconsin—Birth Records, 1964–1980|https://www.familysearch.org/indexing/admin-new/#/projects/BBAAD840-13AA-4D2A-A481-583F595F2ECB/overview];[1416C8C8-8773-42CB-852E-32E7C01A2871|https://www.familysearch.org/indexing/admin-new/#/projects/BBAAD840-13AA-4D2A-A481-583F595F2ECB/manage/1416C8C8-8773-42CB-852E-32E7C01A2871/batches/list];READY_FOR_DELIVERY;
104910682;18-0127: Wisconsin, Wisconsin Vital Records Office, Birth Records, 1964-1980 - (Ancestry 47754) - FSI \\ 18-1425: Wisconsin, Wisconsin Vital Records Office, Birth Records, 1964-1980 - (ACOM, NED IMAGES, ROC ONLY) - FSI;[US, Wisconsin—Birth Records, Charge-Out Forms, 1964–1980 \[Part A\]|https://www.familysearch.org/indexing/admin-new/#/projects/464D15CB-E7AB-4E2A-B8EE-5801228C5B68/overview] \\ [US, Wisconsin—Birth Records, 1964–1980|https://www.familysearch.org/indexing/admin-new/#/projects/BBAAD840-13AA-4D2A-A481-583F595F2ECB/overview];In Production \\ In Production;[US, Wisconsin—Birth Records, 1964–1980|https://www.familysearch.org/indexing/admin-new/#/projects/BBAAD840-13AA-4D2A-A481-583F595F2ECB/overview];[E14105B6-0126-4970-9A26-AFAE5D255C30|https://www.familysearch.org/indexing/admin-new/#/projects/BBAAD840-13AA-4D2A-A481-583F595F2ECB/manage/E14105B6-0126-4970-9A26-AFAE5D255C30/batches/list];READY_FOR_DELIVERY;
104910683;18-0127: Wisconsin, Wisconsin Vital Records Office, Birth Records, 1964-1980 - (Ancestry 47754) - FSI \\ 18-1425: Wisconsin, Wisconsin Vital Records Office, Birth Records, 1964-1980 - (ACOM, NED IMAGES, ROC ONLY) - FSI;[US, Wisconsin—Birth Records, Charge-Out Forms, 1964–1980 \[Part A\]|https://www.familysearch.org/indexing/admin-new/#/projects/464D15CB-E7AB-4E2A-B8EE-5801228C5B68/overview] \\ [US, Wisconsin—Birth Records, 1964–1980|https://www.familysearch.org/indexing/admin-new/#/projects/BBAAD840-13AA-4D2A-A481-583F595F2ECB/overview];In Production \\ In Production;[US, Wisconsin—Birth Records, 1964–1980|https://www.familysearch.org/indexing/admin-new/#/projects/BBAAD840-13AA-4D2A-A481-583F595F2ECB/overview];[D58594C1-92F9-45C1-A207-6109EDE8A699|https://www.familysearch.org/indexing/admin-new/#/projects/BBAAD840-13AA-4D2A-A481-583F595F2ECB/manage/D58594C1-92F9-45C1-A207-6109EDE8A699/batches/list];READY_FOR_DELIVERY;
104910684;18-0127: Wisconsin, Wisconsin Vital Records Office, Birth Records, 1964-1980 - (Ancestry 47754) - FSI \\ 18-1425: Wisconsin, Wisconsin Vital Records Office, Birth Records, 1964-1980 - (ACOM, NED IMAGES, ROC ONLY) - FSI;[US, Wisconsin—Birth Records, Charge-Out Forms, 1964–1980 \[Part A\]|https://www.familysearch.org/indexing/admin-new/#/projects/464D15CB-E7AB-4E2A-B8EE-5801228C5B68/overview] \\ [US, Wisconsin—Birth Records, 1964–1980|https://www.familysearch.org/indexing/admin-new/#/projects/BBAAD840-13AA-4D2A-A481-583F595F2ECB/overview];In Production \\ In Production;[US, Wisconsin—Birth Records, 1964–1980|https://www.familysearch.org/indexing/admin-new/#/projects/BBAAD840-13AA-4D2A-A481-583F595F2ECB/overview];[1BB2FD79-1EE9-4593-B435-A8DE02D145FD|https://www.familysearch.org/indexing/admin-new/#/projects/BBAAD840-13AA-4D2A-A481-583F595F2ECB/manage/1BB2FD79-1EE9-4593-B435-A8DE02D145FD/batches/list];READY_FOR_DELIVERY;
104910685;18-0127: Wisconsin, Wisconsin Vital Records Office, Birth Records, 1964-1980 - (Ancestry 47754) - FSI \\ 18-1425: Wisconsin, Wisconsin Vital Records Office, Birth Records, 1964-1980 - (ACOM, NED IMAGES, ROC ONLY) - FSI;[US, Wisconsin—Birth Records, Charge-Out Forms, 1964–1980 \[Part A\]|https://www.familysearch.org/indexing/admin-new/#/projects/464D15CB-E7AB-4E2A-B8EE-5801228C5B68/overview] \\ [US, Wisconsin—Birth Records, 1964–1980|https://www.familysearch.org/indexing/admin-new/#/projects/BBAAD840-13AA-4D2A-A481-583F595F2ECB/overview];In Production \\ In Production;[US, Wisconsin—Birth Records, 1964–1980|https://www.familysearch.org/indexing/admin-new/#/projects/BBAAD840-13AA-4D2A-A481-583F595F2ECB/overview];[93CF80E6-87E5-459E-AC7B-1895844D8A6A|https://www.familysearch.org/indexing/admin-new/#/projects/BBAAD840-13AA-4D2A-A481-583F595F2ECB/manage/93CF80E6-87E5-459E-AC7B-1895844D8A6A/batches/list];READY_FOR_DELIVERY;
104910686;18-0127: Wisconsin, Wisconsin Vital Records Office, Birth Records, 1964-1980 - (Ancestry 47754) - FSI \\ 18-1425: Wisconsin, Wisconsin Vital Records Office, Birth Records, 1964-1980 - (ACOM, NED IMAGES, ROC ONLY) - FSI;[US, Wisconsin—Birth Records, Charge-Out Forms, 1964–1980 \[Part A\]|https://www.familysearch.org/indexing/admin-new/#/projects/464D15CB-E7AB-4E2A-B8EE-5801228C5B68/overview] \\ [US, Wisconsin—Birth Records, 1964–1980|https://www.familysearch.org/indexing/admin-new/#/projects/BBAAD840-13AA-4D2A-A481-583F595F2ECB/overview];In Production \\ In Production;[US, Wisconsin—Birth Records, 1964–1980|https://www.familysearch.org/indexing/admin-new/#/projects/BBAAD840-13AA-4D2A-A481-583F595F2ECB/overview];[09B489A8-AF69-43CC-A03E-353D512E44D9|https://www.familysearch.org/indexing/admin-new/#/projects/BBAAD840-13AA-4D2A-A481-583F595F2ECB/manage/09B489A8-AF69-43CC-A03E-353D512E44D9/batches/list];READY_FOR_DELIVERY;
104910687;18-0127: Wisconsin, Wisconsin Vital Records Office, Birth Records, 1964-1980 - (Ancestry 47754) - FSI \\ 18-1425: Wisconsin, Wisconsin Vital Records Office, Birth Records, 1964-1980 - (ACOM, NED IMAGES, ROC ONLY) - FSI;[US, Wisconsin—Birth Records, Charge-Out Forms, 1964–1980 \[Part A\]|https://www.familysearch.org/indexing/admin-new/#/projects/464D15CB-E7AB-4E2A-B8EE-5801228C5B68/overview] \\ [US, Wisconsin—Birth Records, 1964–1980|https://www.familysearch.org/indexing/admin-new/#/projects/BBAAD840-13AA-4D2A-A481-583F595F2ECB/overview];In Production \\ In Production;[US, Wisconsin—Birth Records, 1964–1980|https://www.familysearch.org/indexing/admin-new/#/projects/BBAAD840-13AA-4D2A-A481-583F595F2ECB/overview];[F0E0E58F-7C95-4679-884E-EF8A221484FD|https://www.familysearch.org/indexing/admin-new/#/projects/BBAAD840-13AA-4D2A-A481-583F595F2ECB/manage/F0E0E58F-7C95-4679-884E-EF8A221484FD/batches/list];READY_FOR_DELIVERY;
104910688;18-0127: Wisconsin, Wisconsin Vital Records Office, Birth Records, 1964-1980 - (Ancestry 47754) - FSI \\ 18-1425: Wisconsin, Wisconsin Vital Records Office, Birth Records, 1964-1980 - (ACOM, NED IMAGES, ROC ONLY) - FSI;[US, Wisconsin—Birth Records, Charge-Out Forms, 1964–1980 \[Part A\]|https://www.familysearch.org/indexing/admin-new/#/projects/464D15CB-E7AB-4E2A-B8EE-5801228C5B68/overview] \\ [US, Wisconsin—Birth Records, 1964–1980|https://www.familysearch.org/indexing/admin-new/#/projects/BBAAD840-13AA-4D2A-A481-583F595F2ECB/overview];In Production \\ In Production;[US, Wisconsin—Birth Records, 1964–1980|https://www.familysearch.org/indexing/admin-new/#/projects/BBAAD840-13AA-4D2A-A481-583F595F2ECB/overview];[97550552-5787-478C-8546-119C7E0AA7D6|https://www.familysearch.org/indexing/admin-new/#/projects/BBAAD840-13AA-4D2A-A481-583F595F2ECB/manage/97550552-5787-478C-8546-119C7E0AA7D6/batches/list];READY_FOR_DELIVERY;
104910689;18-0127: Wisconsin, Wisconsin Vital Records Office, Birth Records, 1964-1980 - (Ancestry 47754) - FSI \\ 18-1425: Wisconsin, Wisconsin Vital Records Office, Birth Records, 1964-1980 - (ACOM, NED IMAGES, ROC ONLY) - FSI;[US, Wisconsin—Birth Records, Charge-Out Forms, 1964–1980 \[Part A\]|https://www.familysearch.org/indexing/admin-new/#/projects/464D15CB-E7AB-4E2A-B8EE-5801228C5B68/overview] \\ [US, Wisconsin—Birth Records, 1964–1980|https://www.familysearch.org/indexing/admin-new/#/projects/BBAAD840-13AA-4D2A-A481-583F595F2ECB/overview];In Production \\ In Production;[US, Wisconsin—Birth Records, 1964–1980|https://www.familysearch.org/indexing/admin-new/#/projects/BBAAD840-13AA-4D2A-A481-583F595F2ECB/overview];[3193E8B2-5504-4C64-B66F-B9892C75C7DA|https://www.familysearch.org/indexing/admin-new/#/projects/BBAAD840-13AA-4D2A-A481-583F595F2ECB/manage/3193E8B2-5504-4C64-B66F-B9892C75C7DA/batches/list];READY_FOR_DELIVERY;
104910690;18-0127: Wisconsin, Wisconsin Vital Records Office, Birth Records, 1964-1980 - (Ancestry 47754) - FSI \\ 18-1425: Wisconsin, Wisconsin Vital Records Office, Birth Records, 1964-1980 - (ACOM, NED IMAGES, ROC ONLY) - FSI;[US, Wisconsin—Birth Records, Charge-Out Forms, 1964–1980 \[Part A\]|https://www.familysearch.org/indexing/admin-new/#/projects/464D15CB-E7AB-4E2A-B8EE-5801228C5B68/overview] \\ [US, Wisconsin—Birth Records, 1964–1980|https://www.familysearch.org/indexing/admin-new/#/projects/BBAAD840-13AA-4D2A-A481-583F595F2ECB/overview];In Production \\ In Production;[US, Wisconsin—Birth Records, 1964–1980|https://www.familysearch.org/indexing/admin-new/#/projects/BBAAD840-13AA-4D2A-A481-583F595F2ECB/overview];[0B05A340-AB82-4741-BE32-BD5CA99A47D0|https://www.familysearch.org/indexing/admin-new/#/projects/BBAAD840-13AA-4D2A-A481-583F595F2ECB/manage/0B05A340-AB82-4741-BE32-BD5CA99A47D0/batches/list];READY_FOR_DELIVERY;
104910691;18-0127: Wisconsin, Wisconsin Vital Records Office, Birth Records, 1964-1980 - (Ancestry 47754) - FSI \\ 18-1425: Wisconsin, Wisconsin Vital Records Office, Birth Records, 1964-1980 - (ACOM, NED IMAGES, ROC ONLY) - FSI;[US, Wisconsin—Birth Records, Charge-Out Forms, 1964–1980 \[Part A\]|https://www.familysearch.org/indexing/admin-new/#/projects/464D15CB-E7AB-4E2A-B8EE-5801228C5B68/overview] \\ [US, Wisconsin—Birth Records, 1964–1980|https://www.familysearch.org/indexing/admin-new/#/projects/BBAAD840-13AA-4D2A-A481-583F595F2ECB/overview];In Production \\ In Production;[US, Wisconsin—Birth Records, 1964–1980|https://www.familysearch.org/indexing/admin-new/#/projects/BBAAD840-13AA-4D2A-A481-583F595F2ECB/overview];[54EFA073-E5FD-481A-A16B-ACC202D1B3A9|https://www.familysearch.org/indexing/admin-new/#/projects/BBAAD840-13AA-4D2A-A481-583F595F2ECB/manage/54EFA073-E5FD-481A-A16B-ACC202D1B3A9/batches/list];READY_FOR_DELIVERY;
104910692;18-0127: Wisconsin, Wisconsin Vital Records Office, Birth Records, 1964-1980 - (Ancestry 47754) - FSI \\ 18-1425: Wisconsin, Wisconsin Vital Records Office, Birth Records, 1964-1980 - (ACOM, NED IMAGES, ROC ONLY) - FSI;[US, Wisconsin—Birth Records, Charge-Out Forms, 1964–1980 \[Part A\]|https://www.familysearch.org/indexing/admin-new/#/projects/464D15CB-E7AB-4E2A-B8EE-5801228C5B68/overview] \\ [US, Wisconsin—Birth Records, 1964–1980|https://www.familysearch.org/indexing/admin-new/#/projects/BBAAD840-13AA-4D2A-A481-583F595F2ECB/overview];In Production \\ In Production;[US, Wisconsin—Birth Records, 1964–1980|https://www.familysearch.org/indexing/admin-new/#/projects/BBAAD840-13AA-4D2A-A481-583F595F2ECB/overview];[E7BF10DA-657A-4BE4-80BE-45A854EE22A9|https://www.familysearch.org/indexing/admin-new/#/projects/BBAAD840-13AA-4D2A-A481-583F595F2ECB/manage/E7BF10DA-657A-4BE4-80BE-45A854EE22A9/batches/list];READY_FOR_DELIVERY;
104910693;18-0127: Wisconsin, Wisconsin Vital Records Office, Birth Records, 1964-1980 - (Ancestry 47754) - FSI \\ 18-1425: Wisconsin, Wisconsin Vital Records Office, Birth Records, 1964-1980 - (ACOM, NED IMAGES, ROC ONLY) - FSI;[US, Wisconsin—Birth Records, Charge-Out Forms, 1964–1980 \[Part A\]|https://www.familysearch.org/indexing/admin-new/#/projects/464D15CB-E7AB-4E2A-B8EE-5801228C5B68/overview] \\ [US, Wisconsin—Birth Records, 1964–1980|https://www.familysearch.org/indexing/admin-new/#/projects/BBAAD840-13AA-4D2A-A481-583F595F2ECB/overview];In Production \\ In Production;[US, Wisconsin—Birth Records, 1964–1980|https://www.familysearch.org/indexing/admin-new/#/projects/BBAAD840-13AA-4D2A-A481-583F595F2ECB/overview];[6B53BA92-3730-4ECE-B05E-05368769EF59|https://www.familysearch.org/indexing/admin-new/#/projects/BBAAD840-13AA-4D2A-A481-583F595F2ECB/manage/6B53BA92-3730-4ECE-B05E-05368769EF59/batches/list];READY_FOR_DELIVERY;
104910694;18-0127: Wisconsin, Wisconsin Vital Records Office, Birth Records, 1964-1980 - (Ancestry 47754) - FSI \\ 18-1425: Wisconsin, Wisconsin Vital Records Office, Birth Records, 1964-1980 - (ACOM, NED IMAGES, ROC ONLY) - FSI;[US, Wisconsin—Birth Records, Charge-Out Forms, 1964–1980 \[Part A\]|https://www.familysearch.org/indexing/admin-new/#/projects/464D15CB-E7AB-4E2A-B8EE-5801228C5B68/overview] \\ [US, Wisconsin—Birth Records, 1964–1980|https://www.familysearch.org/indexing/admin-new/#/projects/BBAAD840-13AA-4D2A-A481-583F595F2ECB/overview];In Production \\ In Production;[US, Wisconsin—Birth Records, 1964–1980|https://www.familysearch.org/indexing/admin-new/#/projects/BBAAD840-13AA-4D2A-A481-583F595F2ECB/overview];[6E043B96-94F9-4037-B189-EC817193AAC2|https://www.familysearch.org/indexing/admin-new/#/projects/BBAAD840-13AA-4D2A-A481-583F595F2ECB/manage/6E043B96-94F9-4037-B189-EC817193AAC2/batches/list];READY_FOR_DELIVERY;
104910695;18-0127: Wisconsin, Wisconsin Vital Records Office, Birth Records, 1964-1980 - (Ancestry 47754) - FSI \\ 18-1425: Wisconsin, Wisconsin Vital Records Office, Birth Records, 1964-1980 - (ACOM, NED IMAGES, ROC ONLY) - FSI;[US, Wisconsin—Birth Records, Charge-Out Forms, 1964–1980 \[Part A\]|https://www.familysearch.org/indexing/admin-new/#/projects/464D15CB-E7AB-4E2A-B8EE-5801228C5B68/overview] \\ [US, Wisconsin—Birth Records, 1964–1980|https://www.familysearch.org/indexing/admin-new/#/projects/BBAAD840-13AA-4D2A-A481-583F595F2ECB/overview];In Production \\ In Production;[US, Wisconsin—Birth Records, 1964–1980|https://www.familysearch.org/indexing/admin-new/#/projects/BBAAD840-13AA-4D2A-A481-583F595F2ECB/overview];[231C5EBD-791D-4B62-86D7-B0842655576C|https://www.familysearch.org/indexing/admin-new/#/projects/BBAAD840-13AA-4D2A-A481-583F595F2ECB/manage/231C5EBD-791D-4B62-86D7-B0842655576C/batches/list];READY_FOR_DELIVERY;
104910696;18-0127: Wisconsin, Wisconsin Vital Records Office, Birth Records, 1964-1980 - (Ancestry 47754) - FSI \\ 18-1425: Wisconsin, Wisconsin Vital Records Office, Birth Records, 1964-1980 - (ACOM, NED IMAGES, ROC ONLY) - FSI;[US, Wisconsin—Birth Records, Charge-Out Forms, 1964–1980 \[Part A\]|https://www.familysearch.org/indexing/admin-new/#/projects/464D15CB-E7AB-4E2A-B8EE-5801228C5B68/overview] \\ [US, Wisconsin—Birth Records, 1964–1980|https://www.familysearch.org/indexing/admin-new/#/projects/BBAAD840-13AA-4D2A-A481-583F595F2ECB/overview];In Production \\ In Production;[US, Wisconsin—Birth Records, 1964–1980|https://www.familysearch.org/indexing/admin-new/#/projects/BBAAD840-13AA-4D2A-A481-583F595F2ECB/overview];[EDC142C0-AF08-4660-89A8-F22F7375A405|https://www.familysearch.org/indexing/admin-new/#/projects/BBAAD840-13AA-4D2A-A481-583F595F2ECB/manage/EDC142C0-AF08-4660-89A8-F22F7375A405/batches/list];READY_FOR_DELIVERY;
104910697;18-0127: Wisconsin, Wisconsin Vital Records Office, Birth Records, 1964-1980 - (Ancestry 47754) - FSI \\ 18-1425: Wisconsin, Wisconsin Vital Records Office, Birth Records, 1964-1980 - (ACOM, NED IMAGES, ROC ONLY) - FSI;[US, Wisconsin—Birth Records, Charge-Out Forms, 1964–1980 \[Part A\]|https://www.familysearch.org/indexing/admin-new/#/projects/464D15CB-E7AB-4E2A-B8EE-5801228C5B68/overview] \\ [US, Wisconsin—Birth Records, 1964–1980|https://www.familysearch.org/indexing/admin-new/#/projects/BBAAD840-13AA-4D2A-A481-583F595F2ECB/overview];In Production \\ In Production;[US, Wisconsin—Birth Records, 1964–1980|https://www.familysearch.org/indexing/admin-new/#/projects/BBAAD840-13AA-4D2A-A481-583F595F2ECB/overview];[2F1A531A-5675-465A-87D9-C61396228C9B|https://www.familysearch.org/indexing/admin-new/#/projects/BBAAD840-13AA-4D2A-A481-583F595F2ECB/manage/2F1A531A-5675-465A-87D9-C61396228C9B/batches/list];READY_FOR_DELIVERY;
104910698;18-0127: Wisconsin, Wisconsin Vital Records Office, Birth Records, 1964-1980 - (Ancestry 47754) - FSI \\ 18-1425: Wisconsin, Wisconsin Vital Records Office, Birth Records, 1964-1980 - (ACOM, NED IMAGES, ROC ONLY) - FSI;[US, Wisconsin—Birth Records, Charge-Out Forms, 1964–1980 \[Part A\]|https://www.familysearch.org/indexing/admin-new/#/projects/464D15CB-E7AB-4E2A-B8EE-5801228C5B68/overview] \\ [US, Wisconsin—Birth Records, 1964–1980|https://www.familysearch.org/indexing/admin-new/#/projects/BBAAD840-13AA-4D2A-A481-583F595F2ECB/overview];In Production \\ In Production;[US, Wisconsin—Birth Records, 1964–1980|https://www.familysearch.org/indexing/admin-new/#/projects/BBAAD840-13AA-4D2A-A481-583F595F2ECB/overview];[68CC3114-2013-4BA7-A4BF-ED1AA89BD609|https://www.familysearch.org/indexing/admin-new/#/projects/BBAAD840-13AA-4D2A-A481-583F595F2ECB/manage/68CC3114-2013-4BA7-A4BF-ED1AA89BD609/batches/list];READY_FOR_DELIVERY;
104910699;18-0127: Wisconsin, Wisconsin Vital Records Office, Birth Records, 1964-1980 - (Ancestry 47754) - FSI \\ 18-1425: Wisconsin, Wisconsin Vital Records Office, Birth Records, 1964-1980 - (ACOM, NED IMAGES, ROC ONLY) - FSI;[US, Wisconsin—Birth Records, Charge-Out Forms, 1964–1980 \[Part A\]|https://www.familysearch.org/indexing/admin-new/#/projects/464D15CB-E7AB-4E2A-B8EE-5801228C5B68/overview] \\ [US, Wisconsin—Birth Records, 1964–1980|https://www.familysearch.org/indexing/admin-new/#/projects/BBAAD840-13AA-4D2A-A481-583F595F2ECB/overview];In Production \\ In Production;[US, Wisconsin—Birth Records, 1964–1980|https://www.familysearch.org/indexing/admin-new/#/projects/BBAAD840-13AA-4D2A-A481-583F595F2ECB/overview];[353A3B2C-9401-4788-A55D-0AA185046766|https://www.familysearch.org/indexing/admin-new/#/projects/BBAAD840-13AA-4D2A-A481-583F595F2ECB/manage/353A3B2C-9401-4788-A55D-0AA185046766/batches/list];READY_FOR_DELIVERY;
104910700;18-0127: Wisconsin, Wisconsin Vital Records Office, Birth Records, 1964-1980 - (Ancestry 47754) - FSI \\ 18-1425: Wisconsin, Wisconsin Vital Records Office, Birth Records, 1964-1980 - (ACOM, NED IMAGES, ROC ONLY) - FSI;[US, Wisconsin—Birth Records, Charge-Out Forms, 1964–1980 \[Part A\]|https://www.familysearch.org/indexing/admin-new/#/projects/464D15CB-E7AB-4E2A-B8EE-5801228C5B68/overview] \\ [US, Wisconsin—Birth Records, 1964–1980|https://www.familysearch.org/indexing/admin-new/#/projects/BBAAD840-13AA-4D2A-A481-583F595F2ECB/overview];In Production \\ In Production;[US, Wisconsin—Birth Records, 1964–1980|https://www.familysearch.org/indexing/admin-new/#/projects/BBAAD840-13AA-4D2A-A481-583F595F2ECB/overview];[B04D4B0C-8D00-48FA-9FBE-AB126A0A57A6|https://www.familysearch.org/indexing/admin-new/#/projects/BBAAD840-13AA-4D2A-A481-583F595F2ECB/manage/B04D4B0C-8D00-48FA-9FBE-AB126A0A57A6/batches/list];READY_FOR_DELIVERY;
104910701;18-0127: Wisconsin, Wisconsin Vital Records Office, Birth Records, 1964-1980 - (Ancestry 47754) - FSI \\ 18-1425: Wisconsin, Wisconsin Vital Records Office, Birth Records, 1964-1980 - (ACOM, NED IMAGES, ROC ONLY) - FSI;[US, Wisconsin—Birth Records, Charge-Out Forms, 1964–1980 \[Part A\]|https://www.familysearch.org/indexing/admin-new/#/projects/464D15CB-E7AB-4E2A-B8EE-5801228C5B68/overview] \\ [US, Wisconsin—Birth Records, 1964–1980|https://www.familysearch.org/indexing/admin-new/#/projects/BBAAD840-13AA-4D2A-A481-583F595F2ECB/overview];In Production \\ In Production;[US, Wisconsin—Birth Records, 1964–1980|https://www.familysearch.org/indexing/admin-new/#/projects/BBAAD840-13AA-4D2A-A481-583F595F2ECB/overview];[DAF143C4-B003-4D7C-AECC-CC07BF41C7F9|https://www.familysearch.org/indexing/admin-new/#/projects/BBAAD840-13AA-4D2A-A481-583F595F2ECB/manage/DAF143C4-B003-4D7C-AECC-CC07BF41C7F9/batches/list];READY_FOR_DELIVERY;
104910702;18-0127: Wisconsin, Wisconsin Vital Records Office, Birth Records, 1964-1980 - (Ancestry 47754) - FSI \\ 18-1425: Wisconsin, Wisconsin Vital Records Office, Birth Records, 1964-1980 - (ACOM, NED IMAGES, ROC ONLY) - FSI;[US, Wisconsin—Birth Records, Charge-Out Forms, 1964–1980 \[Part A\]|https://www.familysearch.org/indexing/admin-new/#/projects/464D15CB-E7AB-4E2A-B8EE-5801228C5B68/overview] \\ [US, Wisconsin—Birth Records, 1964–1980|https://www.familysearch.org/indexing/admin-new/#/projects/BBAAD840-13AA-4D2A-A481-583F595F2ECB/overview];In Production \\ In Production;[US, Wisconsin—Birth Records, 1964–1980|https://www.familysearch.org/indexing/admin-new/#/projects/BBAAD840-13AA-4D2A-A481-583F595F2ECB/overview];[B39E8D48-7143-43E8-9901-954C19333F4D|https://www.familysearch.org/indexing/admin-new/#/projects/BBAAD840-13AA-4D2A-A481-583F595F2ECB/manage/B39E8D48-7143-43E8-9901-954C19333F4D/batches/list];READY_FOR_DELIVERY;
104910703;18-0127: Wisconsin, Wisconsin Vital Records Office, Birth Records, 1964-1980 - (Ancestry 47754) - FSI \\ 18-1425: Wisconsin, Wisconsin Vital Records Office, Birth Records, 1964-1980 - (ACOM, NED IMAGES, ROC ONLY) - FSI;[US, Wisconsin—Birth Records, Charge-Out Forms, 1964–1980 \[Part A\]|https://www.familysearch.org/indexing/admin-new/#/projects/464D15CB-E7AB-4E2A-B8EE-5801228C5B68/overview] \\ [US, Wisconsin—Birth Records, 1964–1980|https://www.familysearch.org/indexing/admin-new/#/projects/BBAAD840-13AA-4D2A-A481-583F595F2ECB/overview];In Production \\ In Production;[US, Wisconsin—Birth Records, 1964–1980|https://www.familysearch.org/indexing/admin-new/#/projects/BBAAD840-13AA-4D2A-A481-583F595F2ECB/overview];[5F365D63-37B9-41F6-86BF-6907EB7181B4|https://www.familysearch.org/indexing/admin-new/#/projects/BBAAD840-13AA-4D2A-A481-583F595F2ECB/manage/5F365D63-37B9-41F6-86BF-6907EB7181B4/batches/list];READY_FOR_DELIVERY;
104910704;18-0127: Wisconsin, Wisconsin Vital Records Office, Birth Records, 1964-1980 - (Ancestry 47754) - FSI \\ 18-1425: Wisconsin, Wisconsin Vital Records Office, Birth Records, 1964-1980 - (ACOM, NED IMAGES, ROC ONLY) - FSI;[US, Wisconsin—Birth Records, Charge-Out Forms, 1964–1980 \[Part A\]|https://www.familysearch.org/indexing/admin-new/#/projects/464D15CB-E7AB-4E2A-B8EE-5801228C5B68/overview] \\ [US, Wisconsin—Birth Records, 1964–1980|https://www.familysearch.org/indexing/admin-new/#/projects/BBAAD840-13AA-4D2A-A481-583F595F2ECB/overview];In Production \\ In Production;[US, Wisconsin—Birth Records, 1964–1980|https://www.familysearch.org/indexing/admin-new/#/projects/BBAAD840-13AA-4D2A-A481-583F595F2ECB/overview];[3806D104-1EB6-46E0-B3D9-57C24FBD7A87|https://www.familysearch.org/indexing/admin-new/#/projects/BBAAD840-13AA-4D2A-A481-583F595F2ECB/manage/3806D104-1EB6-46E0-B3D9-57C24FBD7A87/batches/list];READY_FOR_DELIVERY;
104910705;18-0127: Wisconsin, Wisconsin Vital Records Office, Birth Records, 1964-1980 - (Ancestry 47754) - FSI \\ 18-1425: Wisconsin, Wisconsin Vital Records Office, Birth Records, 1964-1980 - (ACOM, NED IMAGES, ROC ONLY) - FSI;[US, Wisconsin—Birth Records, Charge-Out Forms, 1964–1980 \[Part A\]|https://www.familysearch.org/indexing/admin-new/#/projects/464D15CB-E7AB-4E2A-B8EE-5801228C5B68/overview] \\ [US, Wisconsin—Birth Records, 1964–1980|https://www.familysearch.org/indexing/admin-new/#/projects/BBAAD840-13AA-4D2A-A481-583F595F2ECB/overview];In Production \\ In Production;[US, Wisconsin—Birth Records, 1964–1980|https://www.familysearch.org/indexing/admin-new/#/projects/BBAAD840-13AA-4D2A-A481-583F595F2ECB/overview];[DFE673ED-D819-4427-AC48-0055B97F1173|https://www.familysearch.org/indexing/admin-new/#/projects/BBAAD840-13AA-4D2A-A481-583F595F2ECB/manage/DFE673ED-D819-4427-AC48-0055B97F1173/batches/list];READY_FOR_DELIVERY;
104910706;18-0127: Wisconsin, Wisconsin Vital Records Office, Birth Records, 1964-1980 - (Ancestry 47754) - FSI \\ 18-1425: Wisconsin, Wisconsin Vital Records Office, Birth Records, 1964-1980 - (ACOM, NED IMAGES, ROC ONLY) - FSI;[US, Wisconsin—Birth Records, Charge-Out Forms, 1964–1980 \[Part A\]|https://www.familysearch.org/indexing/admin-new/#/projects/464D15CB-E7AB-4E2A-B8EE-5801228C5B68/overview] \\ [US, Wisconsin—Birth Records, 1964–1980|https://www.familysearch.org/indexing/admin-new/#/projects/BBAAD840-13AA-4D2A-A481-583F595F2ECB/overview];In Production \\ In Production;[US, Wisconsin—Birth Records, 1964–1980|https://www.familysearch.org/indexing/admin-new/#/projects/BBAAD840-13AA-4D2A-A481-583F595F2ECB/overview];[5AF6C666-DA0E-4FFA-93E0-928C26FB31B8|https://www.familysearch.org/indexing/admin-new/#/projects/BBAAD840-13AA-4D2A-A481-583F595F2ECB/manage/5AF6C666-DA0E-4FFA-93E0-928C26FB31B8/batches/list];READY_FOR_DELIVERY;
104910707;18-0127: Wisconsin, Wisconsin Vital Records Office, Birth Records, 1964-1980 - (Ancestry 47754) - FSI \\ 18-1425: Wisconsin, Wisconsin Vital Records Office, Birth Records, 1964-1980 - (ACOM, NED IMAGES, ROC ONLY) - FSI;[US, Wisconsin—Birth Records, Charge-Out Forms, 1964–1980 \[Part A\]|https://www.familysearch.org/indexing/admin-new/#/projects/464D15CB-E7AB-4E2A-B8EE-5801228C5B68/overview] \\ [US, Wisconsin—Birth Records, 1964–1980|https://www.familysearch.org/indexing/admin-new/#/projects/BBAAD840-13AA-4D2A-A481-583F595F2ECB/overview];In Production \\ In Production;[US, Wisconsin—Birth Records, 1964–1980|https://www.familysearch.org/indexing/admin-new/#/projects/BBAAD840-13AA-4D2A-A481-583F595F2ECB/overview];[28D9367D-00DA-4016-A287-E6985EB7C16A|https://www.familysearch.org/indexing/admin-new/#/projects/BBAAD840-13AA-4D2A-A481-583F595F2ECB/manage/28D9367D-00DA-4016-A287-E6985EB7C16A/batches/list];READY_FOR_DELIVERY;
104910708;18-0127: Wisconsin, Wisconsin Vital Records Office, Birth Records, 1964-1980 - (Ancestry 47754) - FSI \\ 18-1425: Wisconsin, Wisconsin Vital Records Office, Birth Records, 1964-1980 - (ACOM, NED IMAGES, ROC ONLY) - FSI;[US, Wisconsin—Birth Records, Charge-Out Forms, 1964–1980 \[Part A\]|https://www.familysearch.org/indexing/admin-new/#/projects/464D15CB-E7AB-4E2A-B8EE-5801228C5B68/overview] \\ [US, Wisconsin—Birth Records, 1964–1980|https://www.familysearch.org/indexing/admin-new/#/projects/BBAAD840-13AA-4D2A-A481-583F595F2ECB/overview];In Production \\ In Production;[US, Wisconsin—Birth Records, 1964–1980|https://www.familysearch.org/indexing/admin-new/#/projects/BBAAD840-13AA-4D2A-A481-583F595F2ECB/overview];[AD8C0286-AB66-4FF6-9FE8-0147169E883D|https://www.familysearch.org/indexing/admin-new/#/projects/BBAAD840-13AA-4D2A-A481-583F595F2ECB/manage/AD8C0286-AB66-4FF6-9FE8-0147169E883D/batches/list];READY_FOR_DELIVERY;
104910709;18-0127: Wisconsin, Wisconsin Vital Records Office, Birth Records, 1964-1980 - (Ancestry 47754) - FSI \\ 18-1425: Wisconsin, Wisconsin Vital Records Office, Birth Records, 1964-1980 - (ACOM, NED IMAGES, ROC ONLY) - FSI;[US, Wisconsin—Birth Records, Charge-Out Forms, 1964–1980 \[Part A\]|https://www.familysearch.org/indexing/admin-new/#/projects/464D15CB-E7AB-4E2A-B8EE-5801228C5B68/overview] \\ [US, Wisconsin—Birth Records, 1964–1980|https://www.familysearch.org/indexing/admin-new/#/projects/BBAAD840-13AA-4D2A-A481-583F595F2ECB/overview];In Production \\ In Production;[US, Wisconsin—Birth Records, 1964–1980|https://www.familysearch.org/indexing/admin-new/#/projects/BBAAD840-13AA-4D2A-A481-583F595F2ECB/overview];[2A9D45B7-B904-422B-82C2-809731F1B450|https://www.familysearch.org/indexing/admin-new/#/projects/BBAAD840-13AA-4D2A-A481-583F595F2ECB/manage/2A9D45B7-B904-422B-82C2-809731F1B450/batches/list];READY_FOR_DELIVERY;
104910710;18-0127: Wisconsin, Wisconsin Vital Records Office, Birth Records, 1964-1980 - (Ancestry 47754) - FSI \\ 18-1425: Wisconsin, Wisconsin Vital Records Office, Birth Records, 1964-1980 - (ACOM, NED IMAGES, ROC ONLY) - FSI;[US, Wisconsin—Birth Records, Charge-Out Forms, 1964–1980 \[Part A\]|https://www.familysearch.org/indexing/admin-new/#/projects/464D15CB-E7AB-4E2A-B8EE-5801228C5B68/overview] \\ [US, Wisconsin—Birth Records, 1964–1980|https://www.familysearch.org/indexing/admin-new/#/projects/BBAAD840-13AA-4D2A-A481-583F595F2ECB/overview];In Production \\ In Production;[US, Wisconsin—Birth Records, 1964–1980|https://www.familysearch.org/indexing/admin-new/#/projects/BBAAD840-13AA-4D2A-A481-583F595F2ECB/overview];[1B7A44A7-A4E4-42E5-A1B9-DAA7A1FC1347|https://www.familysearch.org/indexing/admin-new/#/projects/BBAAD840-13AA-4D2A-A481-583F595F2ECB/manage/1B7A44A7-A4E4-42E5-A1B9-DAA7A1FC1347/batches/list];READY_FOR_DELIVERY;
104910711;18-0127: Wisconsin, Wisconsin Vital Records Office, Birth Records, 1964-1980 - (Ancestry 47754) - FSI \\ 18-1425: Wisconsin, Wisconsin Vital Records Office, Birth Records, 1964-1980 - (ACOM, NED IMAGES, ROC ONLY) - FSI;[US, Wisconsin—Birth Records, Charge-Out Forms, 1964–1980 \[Part A\]|https://www.familysearch.org/indexing/admin-new/#/projects/464D15CB-E7AB-4E2A-B8EE-5801228C5B68/overview] \\ [US, Wisconsin—Birth Records, 1964–1980|https://www.familysearch.org/indexing/admin-new/#/projects/BBAAD840-13AA-4D2A-A481-583F595F2ECB/overview];In Production \\ In Production;[US, Wisconsin—Birth Records, 1964–1980|https://www.familysearch.org/indexing/admin-new/#/projects/BBAAD840-13AA-4D2A-A481-583F595F2ECB/overview];[DC5A6CBA-5046-48CA-86C5-62CCE6B90EFE|https://www.familysearch.org/indexing/admin-new/#/projects/BBAAD840-13AA-4D2A-A481-583F595F2ECB/manage/DC5A6CBA-5046-48CA-86C5-62CCE6B90EFE/batches/list];READY_FOR_DELIVERY;
104910712;18-0127: Wisconsin, Wisconsin Vital Records Office, Birth Records, 1964-1980 - (Ancestry 47754) - FSI \\ 18-1425: Wisconsin, Wisconsin Vital Records Office, Birth Records, 1964-1980 - (ACOM, NED IMAGES, ROC ONLY) - FSI;[US, Wisconsin—Birth Records, Charge-Out Forms, 1964–1980 \[Part A\]|https://www.familysearch.org/indexing/admin-new/#/projects/464D15CB-E7AB-4E2A-B8EE-5801228C5B68/overview] \\ [US, Wisconsin—Birth Records, 1964–1980|https://www.familysearch.org/indexing/admin-new/#/projects/BBAAD840-13AA-4D2A-A481-583F595F2ECB/overview];In Production \\ In Production;[US, Wisconsin—Birth Records, 1964–1980|https://www.familysearch.org/indexing/admin-new/#/projects/BBAAD840-13AA-4D2A-A481-583F595F2ECB/overview];[5BF83EC5-C6DC-43E7-8C1C-3B5A76728999|https://www.familysearch.org/indexing/admin-new/#/projects/BBAAD840-13AA-4D2A-A481-583F595F2ECB/manage/5BF83EC5-C6DC-43E7-8C1C-3B5A76728999/batches/list];READY_FOR_DELIVERY;
104910713;18-0127: Wisconsin, Wisconsin Vital Records Office, Birth Records, 1964-1980 - (Ancestry 47754) - FSI \\ 18-1425: Wisconsin, Wisconsin Vital Records Office, Birth Records, 1964-1980 - (ACOM, NED IMAGES, ROC ONLY) - FSI;[US, Wisconsin—Birth Records, Charge-Out Forms, 1964–1980 \[Part A\]|https://www.familysearch.org/indexing/admin-new/#/projects/464D15CB-E7AB-4E2A-B8EE-5801228C5B68/overview] \\ [US, Wisconsin—Birth Records, 1964–1980|https://www.familysearch.org/indexing/admin-new/#/projects/BBAAD840-13AA-4D2A-A481-583F595F2ECB/overview];In Production \\ In Production;[US, Wisconsin—Birth Records, 1964–1980|https://www.familysearch.org/indexing/admin-new/#/projects/BBAAD840-13AA-4D2A-A481-583F595F2ECB/overview];[1DC9869E-3243-48EE-B3BB-3C1C44EC8EFF|https://www.familysearch.org/indexing/admin-new/#/projects/BBAAD840-13AA-4D2A-A481-583F595F2ECB/manage/1DC9869E-3243-48EE-B3BB-3C1C44EC8EFF/batches/list];READY_FOR_DELIVERY;
104910714;18-0127: Wisconsin, Wisconsin Vital Records Office, Birth Records, 1964-1980 - (Ancestry 47754) - FSI \\ 18-1425: Wisconsin, Wisconsin Vital Records Office, Birth Records, 1964-1980 - (ACOM, NED IMAGES, ROC ONLY) - FSI;[US, Wisconsin—Birth Records, Charge-Out Forms, 1964–1980 \[Part A\]|https://www.familysearch.org/indexing/admin-new/#/projects/464D15CB-E7AB-4E2A-B8EE-5801228C5B68/overview] \\ [US, Wisconsin—Birth Records, 1964–1980|https://www.familysearch.org/indexing/admin-new/#/projects/BBAAD840-13AA-4D2A-A481-583F595F2ECB/overview];In Production \\ In Production;[US, Wisconsin—Birth Records, 1964–1980|https://www.familysearch.org/indexing/admin-new/#/projects/BBAAD840-13AA-4D2A-A481-583F595F2ECB/overview];[DCBA94A2-4F77-42A9-9753-A3D131B3FA28|https://www.familysearch.org/indexing/admin-new/#/projects/BBAAD840-13AA-4D2A-A481-583F595F2ECB/manage/DCBA94A2-4F77-42A9-9753-A3D131B3FA28/batches/list];READY_FOR_DELIVERY;
104910715;18-0127: Wisconsin, Wisconsin Vital Records Office, Birth Records, 1964-1980 - (Ancestry 47754) - FSI \\ 18-1425: Wisconsin, Wisconsin Vital Records Office, Birth Records, 1964-1980 - (ACOM, NED IMAGES, ROC ONLY) - FSI;[US, Wisconsin—Birth Records, Charge-Out Forms, 1964–1980 \[Part A\]|https://www.familysearch.org/indexing/admin-new/#/projects/464D15CB-E7AB-4E2A-B8EE-5801228C5B68/overview] \\ [US, Wisconsin—Birth Records, 1964–1980|https://www.familysearch.org/indexing/admin-new/#/projects/BBAAD840-13AA-4D2A-A481-583F595F2ECB/overview];In Production \\ In Production;[US, Wisconsin—Birth Records, 1964–1980|https://www.familysearch.org/indexing/admin-new/#/projects/BBAAD840-13AA-4D2A-A481-583F595F2ECB/overview];[4096CBAB-AC94-47C6-9AA9-2EDC17CC27E9|https://www.familysearch.org/indexing/admin-new/#/projects/BBAAD840-13AA-4D2A-A481-583F595F2ECB/manage/4096CBAB-AC94-47C6-9AA9-2EDC17CC27E9/batches/list];READY_FOR_DELIVERY;
104910716;18-0127: Wisconsin, Wisconsin Vital Records Office, Birth Records, 1964-1980 - (Ancestry 47754) - FSI \\ 18-1425: Wisconsin, Wisconsin Vital Records Office, Birth Records, 1964-1980 - (ACOM, NED IMAGES, ROC ONLY) - FSI;[US, Wisconsin—Birth Records, Charge-Out Forms, 1964–1980 \[Part A\]|https://www.familysearch.org/indexing/admin-new/#/projects/464D15CB-E7AB-4E2A-B8EE-5801228C5B68/overview] \\ [US, Wisconsin—Birth Records, 1964–1980|https://www.familysearch.org/indexing/admin-new/#/projects/BBAAD840-13AA-4D2A-A481-583F595F2ECB/overview];In Production \\ In Production;[US, Wisconsin—Birth Records, 1964–1980|https://www.familysearch.org/indexing/admin-new/#/projects/BBAAD840-13AA-4D2A-A481-583F595F2ECB/overview];[E54B8662-FB83-4200-BA14-8D68B2DDDBD1|https://www.familysearch.org/indexing/admin-new/#/projects/BBAAD840-13AA-4D2A-A481-583F595F2ECB/manage/E54B8662-FB83-4200-BA14-8D68B2DDDBD1/batches/list];READY_FOR_DELIVERY;
104910717;18-0127: Wisconsin, Wisconsin Vital Records Office, Birth Records, 1964-1980 - (Ancestry 47754) - FSI \\ 18-1425: Wisconsin, Wisconsin Vital Records Office, Birth Records, 1964-1980 - (ACOM, NED IMAGES, ROC ONLY) - FSI;[US, Wisconsin—Birth Records, Charge-Out Forms, 1964–1980 \[Part A\]|https://www.familysearch.org/indexing/admin-new/#/projects/464D15CB-E7AB-4E2A-B8EE-5801228C5B68/overview] \\ [US, Wisconsin—Birth Records, 1964–1980|https://www.familysearch.org/indexing/admin-new/#/projects/BBAAD840-13AA-4D2A-A481-583F595F2ECB/overview];In Production \\ In Production;[US, Wisconsin—Birth Records, 1964–1980|https://www.familysearch.org/indexing/admin-new/#/projects/BBAAD840-13AA-4D2A-A481-583F595F2ECB/overview];[0C5B896B-0E19-4663-B50F-90DFDE7A2C47|https://www.familysearch.org/indexing/admin-new/#/projects/BBAAD840-13AA-4D2A-A481-583F595F2ECB/manage/0C5B896B-0E19-4663-B50F-90DFDE7A2C47/batches/list];READY_FOR_DELIVERY;
104910718;18-0127: Wisconsin, Wisconsin Vital Records Office, Birth Records, 1964-1980 - (Ancestry 47754) - FSI \\ 18-1425: Wisconsin, Wisconsin Vital Records Office, Birth Records, 1964-1980 - (ACOM, NED IMAGES, ROC ONLY) - FSI;[US, Wisconsin—Birth Records, Charge-Out Forms, 1964–1980 \[Part A\]|https://www.familysearch.org/indexing/admin-new/#/projects/464D15CB-E7AB-4E2A-B8EE-5801228C5B68/overview] \\ [US, Wisconsin—Birth Records, 1964–1980|https://www.familysearch.org/indexing/admin-new/#/projects/BBAAD840-13AA-4D2A-A481-583F595F2ECB/overview];In Production \\ In Production;[US, Wisconsin—Birth Records, 1964–1980|https://www.familysearch.org/indexing/admin-new/#/projects/BBAAD840-13AA-4D2A-A481-583F595F2ECB/overview];[A3403481-AD30-4CE7-B3A6-B0CC2F7ABBD6|https://www.familysearch.org/indexing/admin-new/#/projects/BBAAD840-13AA-4D2A-A481-583F595F2ECB/manage/A3403481-AD30-4CE7-B3A6-B0CC2F7ABBD6/batches/list];READY_FOR_DELIVERY;
104910719;18-0127: Wisconsin, Wisconsin Vital Records Office, Birth Records, 1964-1980 - (Ancestry 47754) - FSI \\ 18-1425: Wisconsin, Wisconsin Vital Records Office, Birth Records, 1964-1980 - (ACOM, NED IMAGES, ROC ONLY) - FSI;[US, Wisconsin—Birth Records, Charge-Out Forms, 1964–1980 \[Part A\]|https://www.familysearch.org/indexing/admin-new/#/projects/464D15CB-E7AB-4E2A-B8EE-5801228C5B68/overview] \\ [US, Wisconsin—Birth Records, 1964–1980|https://www.familysearch.org/indexing/admin-new/#/projects/BBAAD840-13AA-4D2A-A481-583F595F2ECB/overview];In Production \\ In Production;[US, Wisconsin—Birth Records, 1964–1980|https://www.familysearch.org/indexing/admin-new/#/projects/BBAAD840-13AA-4D2A-A481-583F595F2ECB/overview];[19CF2EC0-E1C7-4414-A415-F66647312DD0|https://www.familysearch.org/indexing/admin-new/#/projects/BBAAD840-13AA-4D2A-A481-583F595F2ECB/manage/19CF2EC0-E1C7-4414-A415-F66647312DD0/batches/list];READY_FOR_DELIVERY;
104910720;18-0127: Wisconsin, Wisconsin Vital Records Office, Birth Records, 1964-1980 - (Ancestry 47754) - FSI \\ 18-1425: Wisconsin, Wisconsin Vital Records Office, Birth Records, 1964-1980 - (ACOM, NED IMAGES, ROC ONLY) - FSI;[US, Wisconsin—Birth Records, Charge-Out Forms, 1964–1980 \[Part A\]|https://www.familysearch.org/indexing/admin-new/#/projects/464D15CB-E7AB-4E2A-B8EE-5801228C5B68/overview] \\ [US, Wisconsin—Birth Records, 1964–1980|https://www.familysearch.org/indexing/admin-new/#/projects/BBAAD840-13AA-4D2A-A481-583F595F2ECB/overview];In Production \\ In Production;[US, Wisconsin—Birth Records, 1964–1980|https://www.familysearch.org/indexing/admin-new/#/projects/BBAAD840-13AA-4D2A-A481-583F595F2ECB/overview];[8179FC6C-E290-407A-A91B-14A81516306A|https://www.familysearch.org/indexing/admin-new/#/projects/BBAAD840-13AA-4D2A-A481-583F595F2ECB/manage/8179FC6C-E290-407A-A91B-14A81516306A/batches/list];READY_FOR_DELIVERY;
104910721;18-0127: Wisconsin, Wisconsin Vital Records Office, Birth Records, 1964-1980 - (Ancestry 47754) - FSI \\ 18-1425: Wisconsin, Wisconsin Vital Records Office, Birth Records, 1964-1980 - (ACOM, NED IMAGES, ROC ONLY) - FSI;[US, Wisconsin—Birth Records, Charge-Out Forms, 1964–1980 \[Part A\]|https://www.familysearch.org/indexing/admin-new/#/projects/464D15CB-E7AB-4E2A-B8EE-5801228C5B68/overview] \\ [US, Wisconsin—Birth Records, 1964–1980|https://www.familysearch.org/indexing/admin-new/#/projects/BBAAD840-13AA-4D2A-A481-583F595F2ECB/overview];In Production \\ In Production;[US, Wisconsin—Birth Records, 1964–1980|https://www.familysearch.org/indexing/admin-new/#/projects/BBAAD840-13AA-4D2A-A481-583F595F2ECB/overview];[86118625-D871-454B-A086-4F7B3FFFD3CB|https://www.familysearch.org/indexing/admin-new/#/projects/BBAAD840-13AA-4D2A-A481-583F595F2ECB/manage/86118625-D871-454B-A086-4F7B3FFFD3CB/batches/list];READY_FOR_DELIVERY;
104910722;18-0127: Wisconsin, Wisconsin Vital Records Office, Birth Records, 1964-1980 - (Ancestry 47754) - FSI \\ 18-1425: Wisconsin, Wisconsin Vital Records Office, Birth Records, 1964-1980 - (ACOM, NED IMAGES, ROC ONLY) - FSI;[US, Wisconsin—Birth Records, Charge-Out Forms, 1964–1980 \[Part A\]|https://www.familysearch.org/indexing/admin-new/#/projects/464D15CB-E7AB-4E2A-B8EE-5801228C5B68/overview] \\ [US, Wisconsin—Birth Records, 1964–1980|https://www.familysearch.org/indexing/admin-new/#/projects/BBAAD840-13AA-4D2A-A481-583F595F2ECB/overview];In Production \\ In Production;[US, Wisconsin—Birth Records, 1964–1980|https://www.familysearch.org/indexing/admin-new/#/projects/BBAAD840-13AA-4D2A-A481-583F595F2ECB/overview];[13451530-4236-49A6-9A61-C1FC84F0B1E1|https://www.familysearch.org/indexing/admin-new/#/projects/BBAAD840-13AA-4D2A-A481-583F595F2ECB/manage/13451530-4236-49A6-9A61-C1FC84F0B1E1/batches/list];READY_FOR_DELIVERY;
104910723;18-0127: Wisconsin, Wisconsin Vital Records Office, Birth Records, 1964-1980 - (Ancestry 47754) - FSI \\ 18-1425: Wisconsin, Wisconsin Vital Records Office, Birth Records, 1964-1980 - (ACOM, NED IMAGES, ROC ONLY) - FSI;[US, Wisconsin—Birth Records, Charge-Out Forms, 1964–1980 \[Part A\]|https://www.familysearch.org/indexing/admin-new/#/projects/464D15CB-E7AB-4E2A-B8EE-5801228C5B68/overview] \\ [US, Wisconsin—Birth Records, 1964–1980|https://www.familysearch.org/indexing/admin-new/#/projects/BBAAD840-13AA-4D2A-A481-583F595F2ECB/overview];In Production \\ In Production;[US, Wisconsin—Birth Records, 1964–1980|https://www.familysearch.org/indexing/admin-new/#/projects/BBAAD840-13AA-4D2A-A481-583F595F2ECB/overview];[962A56DB-73E2-4F38-A5EF-408B79339ACD|https://www.familysearch.org/indexing/admin-new/#/projects/BBAAD840-13AA-4D2A-A481-583F595F2ECB/manage/962A56DB-73E2-4F38-A5EF-408B79339ACD/batches/list];READY_FOR_DELIVERY;
104910724;18-0127: Wisconsin, Wisconsin Vital Records Office, Birth Records, 1964-1980 - (Ancestry 47754) - FSI \\ 18-1425: Wisconsin, Wisconsin Vital Records Office, Birth Records, 1964-1980 - (ACOM, NED IMAGES, ROC ONLY) - FSI;[US, Wisconsin—Birth Records, Charge-Out Forms, 1964–1980 \[Part A\]|https://www.familysearch.org/indexing/admin-new/#/projects/464D15CB-E7AB-4E2A-B8EE-5801228C5B68/overview] \\ [US, Wisconsin—Birth Records, 1964–1980|https://www.familysearch.org/indexing/admin-new/#/projects/BBAAD840-13AA-4D2A-A481-583F595F2ECB/overview];In Production \\ In Production;[US, Wisconsin—Birth Records, 1964–1980|https://www.familysearch.org/indexing/admin-new/#/projects/BBAAD840-13AA-4D2A-A481-583F595F2ECB/overview];[16D5E099-1188-4673-88A0-B2AA44AC50DA|https://www.familysearch.org/indexing/admin-new/#/projects/BBAAD840-13AA-4D2A-A481-583F595F2ECB/manage/16D5E099-1188-4673-88A0-B2AA44AC50DA/batches/list];READY_FOR_DELIVERY;
104910725;18-0127: Wisconsin, Wisconsin Vital Records Office, Birth Records, 1964-1980 - (Ancestry 47754) - FSI \\ 18-1425: Wisconsin, Wisconsin Vital Records Office, Birth Records, 1964-1980 - (ACOM, NED IMAGES, ROC ONLY) - FSI;[US, Wisconsin—Birth Records, Charge-Out Forms, 1964–1980 \[Part A\]|https://www.familysearch.org/indexing/admin-new/#/projects/464D15CB-E7AB-4E2A-B8EE-5801228C5B68/overview] \\ [US, Wisconsin—Birth Records, 1964–1980|https://www.familysearch.org/indexing/admin-new/#/projects/BBAAD840-13AA-4D2A-A481-583F595F2ECB/overview];In Production \\ In Production;[US, Wisconsin—Birth Records, 1964–1980|https://www.familysearch.org/indexing/admin-new/#/projects/BBAAD840-13AA-4D2A-A481-583F595F2ECB/overview];[24870ABC-5E7B-4158-9E64-93670C1C2456|https://www.familysearch.org/indexing/admin-new/#/projects/BBAAD840-13AA-4D2A-A481-583F595F2ECB/manage/24870ABC-5E7B-4158-9E64-93670C1C2456/batches/list];READY_FOR_DELIVERY;
104910726;18-0127: Wisconsin, Wisconsin Vital Records Office, Birth Records, 1964-1980 - (Ancestry 47754) - FSI \\ 18-1425: Wisconsin, Wisconsin Vital Records Office, Birth Records, 1964-1980 - (ACOM, NED IMAGES, ROC ONLY) - FSI;[US, Wisconsin—Birth Records, Charge-Out Forms, 1964–1980 \[Part A\]|https://www.familysearch.org/indexing/admin-new/#/projects/464D15CB-E7AB-4E2A-B8EE-5801228C5B68/overview] \\ [US, Wisconsin—Birth Records, 1964–1980|https://www.familysearch.org/indexing/admin-new/#/projects/BBAAD840-13AA-4D2A-A481-583F595F2ECB/overview];In Production \\ In Production;[US, Wisconsin—Birth Records, 1964–1980|https://www.familysearch.org/indexing/admin-new/#/projects/BBAAD840-13AA-4D2A-A481-583F595F2ECB/overview];[55029936-D8D8-4FE3-8191-0520ECEA167B|https://www.familysearch.org/indexing/admin-new/#/projects/BBAAD840-13AA-4D2A-A481-583F595F2ECB/manage/55029936-D8D8-4FE3-8191-0520ECEA167B/batches/list];READY_FOR_DELIVERY;
104910727;18-0127: Wisconsin, Wisconsin Vital Records Office, Birth Records, 1964-1980 - (Ancestry 47754) - FSI \\ 18-1425: Wisconsin, Wisconsin Vital Records Office, Birth Records, 1964-1980 - (ACOM, NED IMAGES, ROC ONLY) - FSI;[US, Wisconsin—Birth Records, Charge-Out Forms, 1964–1980 \[Part A\]|https://www.familysearch.org/indexing/admin-new/#/projects/464D15CB-E7AB-4E2A-B8EE-5801228C5B68/overview] \\ [US, Wisconsin—Birth Records, 1964–1980|https://www.familysearch.org/indexing/admin-new/#/projects/BBAAD840-13AA-4D2A-A481-583F595F2ECB/overview];In Production \\ In Production;[US, Wisconsin—Birth Records, 1964–1980|https://www.familysearch.org/indexing/admin-new/#/projects/BBAAD840-13AA-4D2A-A481-583F595F2ECB/overview];[C204DFB5-E962-4520-A2D7-EDA841D34B59|https://www.familysearch.org/indexing/admin-new/#/projects/BBAAD840-13AA-4D2A-A481-583F595F2ECB/manage/C204DFB5-E962-4520-A2D7-EDA841D34B59/batches/list];READY_FOR_DELIVERY;
104910728;18-0127: Wisconsin, Wisconsin Vital Records Office, Birth Records, 1964-1980 - (Ancestry 47754) - FSI \\ 18-1425: Wisconsin, Wisconsin Vital Records Office, Birth Records, 1964-1980 - (ACOM, NED IMAGES, ROC ONLY) - FSI;[US, Wisconsin—Birth Records, Charge-Out Forms, 1964–1980 \[Part A\]|https://www.familysearch.org/indexing/admin-new/#/projects/464D15CB-E7AB-4E2A-B8EE-5801228C5B68/overview] \\ [US, Wisconsin—Birth Records, 1964–1980|https://www.familysearch.org/indexing/admin-new/#/projects/BBAAD840-13AA-4D2A-A481-583F595F2ECB/overview];In Production \\ In Production;[US, Wisconsin—Birth Records, 1964–1980|https://www.familysearch.org/indexing/admin-new/#/projects/BBAAD840-13AA-4D2A-A481-583F595F2ECB/overview];[B1C3596D-07B8-4985-853B-FD33B3D34A79|https://www.familysearch.org/indexing/admin-new/#/projects/BBAAD840-13AA-4D2A-A481-583F595F2ECB/manage/B1C3596D-07B8-4985-853B-FD33B3D34A79/batches/list];READY_FOR_DELIVERY;
104910729;18-0127: Wisconsin, Wisconsin Vital Records Office, Birth Records, 1964-1980 - (Ancestry 47754) - FSI \\ 18-1425: Wisconsin, Wisconsin Vital Records Office, Birth Records, 1964-1980 - (ACOM, NED IMAGES, ROC ONLY) - FSI;[US, Wisconsin—Birth Records, Charge-Out Forms, 1964–1980 \[Part A\]|https://www.familysearch.org/indexing/admin-new/#/projects/464D15CB-E7AB-4E2A-B8EE-5801228C5B68/overview] \\ [US, Wisconsin—Birth Records, 1964–1980|https://www.familysearch.org/indexing/admin-new/#/projects/BBAAD840-13AA-4D2A-A481-583F595F2ECB/overview];In Production \\ In Production;[US, Wisconsin—Birth Records, 1964–1980|https://www.familysearch.org/indexing/admin-new/#/projects/BBAAD840-13AA-4D2A-A481-583F595F2ECB/overview];[75157ED3-F53D-44B6-B72C-638594353CE6|https://www.familysearch.org/indexing/admin-new/#/projects/BBAAD840-13AA-4D2A-A481-583F595F2ECB/manage/75157ED3-F53D-44B6-B72C-638594353CE6/batches/list];READY_FOR_DELIVERY;
104910730;18-0127: Wisconsin, Wisconsin Vital Records Office, Birth Records, 1964-1980 - (Ancestry 47754) - FSI \\ 18-1425: Wisconsin, Wisconsin Vital Records Office, Birth Records, 1964-1980 - (ACOM, NED IMAGES, ROC ONLY) - FSI;[US, Wisconsin—Birth Records, Charge-Out Forms, 1964–1980 \[Part A\]|https://www.familysearch.org/indexing/admin-new/#/projects/464D15CB-E7AB-4E2A-B8EE-5801228C5B68/overview] \\ [US, Wisconsin—Birth Records, 1964–1980|https://www.familysearch.org/indexing/admin-new/#/projects/BBAAD840-13AA-4D2A-A481-583F595F2ECB/overview];In Production \\ In Production;[US, Wisconsin—Birth Records, 1964–1980|https://www.familysearch.org/indexing/admin-new/#/projects/BBAAD840-13AA-4D2A-A481-583F595F2ECB/overview];[78F1F40A-3189-4CED-9383-0006980FBBC8|https://www.familysearch.org/indexing/admin-new/#/projects/BBAAD840-13AA-4D2A-A481-583F595F2ECB/manage/78F1F40A-3189-4CED-9383-0006980FBBC8/batches/list];READY_FOR_DELIVERY;
104910731;18-0127: Wisconsin, Wisconsin Vital Records Office, Birth Records, 1964-1980 - (Ancestry 47754) - FSI \\ 18-1425: Wisconsin, Wisconsin Vital Records Office, Birth Records, 1964-1980 - (ACOM, NED IMAGES, ROC ONLY) - FSI;[US, Wisconsin—Birth Records, Charge-Out Forms, 1964–1980 \[Part A\]|https://www.familysearch.org/indexing/admin-new/#/projects/464D15CB-E7AB-4E2A-B8EE-5801228C5B68/overview] \\ [US, Wisconsin—Birth Records, 1964–1980|https://www.familysearch.org/indexing/admin-new/#/projects/BBAAD840-13AA-4D2A-A481-583F595F2ECB/overview];In Production \\ In Production;[US, Wisconsin—Birth Records, 1964–1980|https://www.familysearch.org/indexing/admin-new/#/projects/BBAAD840-13AA-4D2A-A481-583F595F2ECB/overview];[2C5B5EC5-A05F-459F-B31A-592684EB5756|https://www.familysearch.org/indexing/admin-new/#/projects/BBAAD840-13AA-4D2A-A481-583F595F2ECB/manage/2C5B5EC5-A05F-459F-B31A-592684EB5756/batches/list];READY_FOR_DELIVERY;
104910732;18-0127: Wisconsin, Wisconsin Vital Records Office, Birth Records, 1964-1980 - (Ancestry 47754) - FSI \\ 18-1425: Wisconsin, Wisconsin Vital Records Office, Birth Records, 1964-1980 - (ACOM, NED IMAGES, ROC ONLY) - FSI;[US, Wisconsin—Birth Records, Charge-Out Forms, 1964–1980 \[Part A\]|https://www.familysearch.org/indexing/admin-new/#/projects/464D15CB-E7AB-4E2A-B8EE-5801228C5B68/overview] \\ [US, Wisconsin—Birth Records, 1964–1980|https://www.familysearch.org/indexing/admin-new/#/projects/BBAAD840-13AA-4D2A-A481-583F595F2ECB/overview];In Production \\ In Production;[US, Wisconsin—Birth Records, 1964–1980|https://www.familysearch.org/indexing/admin-new/#/projects/BBAAD840-13AA-4D2A-A481-583F595F2ECB/overview];[393F195E-09C4-4994-9103-9223DEC14E73|https://www.familysearch.org/indexing/admin-new/#/projects/BBAAD840-13AA-4D2A-A481-583F595F2ECB/manage/393F195E-09C4-4994-9103-9223DEC14E73/batches/list];READY_FOR_DELIVERY;
104910733;18-0127: Wisconsin, Wisconsin Vital Records Office, Birth Records, 1964-1980 - (Ancestry 47754) - FSI \\ 18-1425: Wisconsin, Wisconsin Vital Records Office, Birth Records, 1964-1980 - (ACOM, NED IMAGES, ROC ONLY) - FSI;[US, Wisconsin—Birth Records, Charge-Out Forms, 1964–1980 \[Part A\]|https://www.familysearch.org/indexing/admin-new/#/projects/464D15CB-E7AB-4E2A-B8EE-5801228C5B68/overview] \\ [US, Wisconsin—Birth Records, 1964–1980|https://www.familysearch.org/indexing/admin-new/#/projects/BBAAD840-13AA-4D2A-A481-583F595F2ECB/overview];In Production \\ In Production;[US, Wisconsin—Birth Records, 1964–1980|https://www.familysearch.org/indexing/admin-new/#/projects/BBAAD840-13AA-4D2A-A481-583F595F2ECB/overview];[D69C0203-9122-4BC6-A986-4AEA49AFD2A5|https://www.familysearch.org/indexing/admin-new/#/projects/BBAAD840-13AA-4D2A-A481-583F595F2ECB/manage/D69C0203-9122-4BC6-A986-4AEA49AFD2A5/batches/list];READY_FOR_DELIVERY;
104910734;18-0127: Wisconsin, Wisconsin Vital Records Office, Birth Records, 1964-1980 - (Ancestry 47754) - FSI \\ 18-1425: Wisconsin, Wisconsin Vital Records Office, Birth Records, 1964-1980 - (ACOM, NED IMAGES, ROC ONLY) - FSI;[US, Wisconsin—Birth Records, Charge-Out Forms, 1964–1980 \[Part A\]|https://www.familysearch.org/indexing/admin-new/#/projects/464D15CB-E7AB-4E2A-B8EE-5801228C5B68/overview] \\ [US, Wisconsin—Birth Records, 1964–1980|https://www.familysearch.org/indexing/admin-new/#/projects/BBAAD840-13AA-4D2A-A481-583F595F2ECB/overview];In Production \\ In Production;[US, Wisconsin—Birth Records, 1964–1980|https://www.familysearch.org/indexing/admin-new/#/projects/BBAAD840-13AA-4D2A-A481-583F595F2ECB/overview];[7D9BE86D-D5A6-48F6-AD9E-7BB6CFF976E4|https://www.familysearch.org/indexing/admin-new/#/projects/BBAAD840-13AA-4D2A-A481-583F595F2ECB/manage/7D9BE86D-D5A6-48F6-AD9E-7BB6CFF976E4/batches/list];READY_FOR_DELIVERY;
104910735;18-0127: Wisconsin, Wisconsin Vital Records Office, Birth Records, 1964-1980 - (Ancestry 47754) - FSI \\ 18-1425: Wisconsin, Wisconsin Vital Records Office, Birth Records, 1964-1980 - (ACOM, NED IMAGES, ROC ONLY) - FSI;[US, Wisconsin—Birth Records, Charge-Out Forms, 1964–1980 \[Part A\]|https://www.familysearch.org/indexing/admin-new/#/projects/464D15CB-E7AB-4E2A-B8EE-5801228C5B68/overview] \\ [US, Wisconsin—Birth Records, 1964–1980|https://www.familysearch.org/indexing/admin-new/#/projects/BBAAD840-13AA-4D2A-A481-583F595F2ECB/overview];In Production \\ In Production;[US, Wisconsin—Birth Records, 1964–1980|https://www.familysearch.org/indexing/admin-new/#/projects/BBAAD840-13AA-4D2A-A481-583F595F2ECB/overview];[6F288CB4-DA98-4586-A6EF-FE4C551E34CA|https://www.familysearch.org/indexing/admin-new/#/projects/BBAAD840-13AA-4D2A-A481-583F595F2ECB/manage/6F288CB4-DA98-4586-A6EF-FE4C551E34CA/batches/list];READY_FOR_DELIVERY;
104910736;18-0127: Wisconsin, Wisconsin Vital Records Office, Birth Records, 1964-1980 - (Ancestry 47754) - FSI \\ 18-1425: Wisconsin, Wisconsin Vital Records Office, Birth Records, 1964-1980 - (ACOM, NED IMAGES, ROC ONLY) - FSI;[US, Wisconsin—Birth Records, Charge-Out Forms, 1964–1980 \[Part A\]|https://www.familysearch.org/indexing/admin-new/#/projects/464D15CB-E7AB-4E2A-B8EE-5801228C5B68/overview] \\ [US, Wisconsin—Birth Records, 1964–1980|https://www.familysearch.org/indexing/admin-new/#/projects/BBAAD840-13AA-4D2A-A481-583F595F2ECB/overview];In Production \\ In Production;[US, Wisconsin—Birth Records, 1964–1980|https://www.familysearch.org/indexing/admin-new/#/projects/BBAAD840-13AA-4D2A-A481-583F595F2ECB/overview];[E219C652-F9C9-4300-8172-B64D2AE1C65A|https://www.familysearch.org/indexing/admin-new/#/projects/BBAAD840-13AA-4D2A-A481-583F595F2ECB/manage/E219C652-F9C9-4300-8172-B64D2AE1C65A/batches/list];READY_FOR_DELIVERY;
104910737;18-0127: Wisconsin, Wisconsin Vital Records Office, Birth Records, 1964-1980 - (Ancestry 47754) - FSI \\ 18-1425: Wisconsin, Wisconsin Vital Records Office, Birth Records, 1964-1980 - (ACOM, NED IMAGES, ROC ONLY) - FSI;[US, Wisconsin—Birth Records, Charge-Out Forms, 1964–1980 \[Part A\]|https://www.familysearch.org/indexing/admin-new/#/projects/464D15CB-E7AB-4E2A-B8EE-5801228C5B68/overview] \\ [US, Wisconsin—Birth Records, 1964–1980|https://www.familysearch.org/indexing/admin-new/#/projects/BBAAD840-13AA-4D2A-A481-583F595F2ECB/overview];In Production \\ In Production;[US, Wisconsin—Birth Records, 1964–1980|https://www.familysearch.org/indexing/admin-new/#/projects/BBAAD840-13AA-4D2A-A481-583F595F2ECB/overview];[364B6D7E-B91B-4FC7-BE44-27D8462D4537|https://www.familysearch.org/indexing/admin-new/#/projects/BBAAD840-13AA-4D2A-A481-583F595F2ECB/manage/364B6D7E-B91B-4FC7-BE44-27D8462D4537/batches/list];READY_FOR_DELIVERY;
104910738;18-0127: Wisconsin, Wisconsin Vital Records Office, Birth Records, 1964-1980 - (Ancestry 47754) - FSI \\ 18-1425: Wisconsin, Wisconsin Vital Records Office, Birth Records, 1964-1980 - (ACOM, NED IMAGES, ROC ONLY) - FSI;[US, Wisconsin—Birth Records, Charge-Out Forms, 1964–1980 \[Part A\]|https://www.familysearch.org/indexing/admin-new/#/projects/464D15CB-E7AB-4E2A-B8EE-5801228C5B68/overview] \\ [US, Wisconsin—Birth Records, 1964–1980|https://www.familysearch.org/indexing/admin-new/#/projects/BBAAD840-13AA-4D2A-A481-583F595F2ECB/overview];In Production \\ In Production;[US, Wisconsin—Birth Records, 1964–1980|https://www.familysearch.org/indexing/admin-new/#/projects/BBAAD840-13AA-4D2A-A481-583F595F2ECB/overview];[207217B3-6537-4075-8827-F473DACA2372|https://www.familysearch.org/indexing/admin-new/#/projects/BBAAD840-13AA-4D2A-A481-583F595F2ECB/manage/207217B3-6537-4075-8827-F473DACA2372/batches/list];READY_FOR_DELIVERY;
104910739;18-0127: Wisconsin, Wisconsin Vital Records Office, Birth Records, 1964-1980 - (Ancestry 47754) - FSI \\ 18-1425: Wisconsin, Wisconsin Vital Records Office, Birth Records, 1964-1980 - (ACOM, NED IMAGES, ROC ONLY) - FSI;[US, Wisconsin—Birth Records, Charge-Out Forms, 1964–1980 \[Part A\]|https://www.familysearch.org/indexing/admin-new/#/projects/464D15CB-E7AB-4E2A-B8EE-5801228C5B68/overview] \\ [US, Wisconsin—Birth Records, 1964–1980|https://www.familysearch.org/indexing/admin-new/#/projects/BBAAD840-13AA-4D2A-A481-583F595F2ECB/overview];In Production \\ In Production;[US, Wisconsin—Birth Records, 1964–1980|https://www.familysearch.org/indexing/admin-new/#/projects/BBAAD840-13AA-4D2A-A481-583F595F2ECB/overview];[B0D342C3-0638-4C09-A28F-310691DAD0D9|https://www.familysearch.org/indexing/admin-new/#/projects/BBAAD840-13AA-4D2A-A481-583F595F2ECB/manage/B0D342C3-0638-4C09-A28F-310691DAD0D9/batches/list];READY_FOR_DELIVERY;
104910740;18-0127: Wisconsin, Wisconsin Vital Records Office, Birth Records, 1964-1980 - (Ancestry 47754) - FSI \\ 18-1425: Wisconsin, Wisconsin Vital Records Office, Birth Records, 1964-1980 - (ACOM, NED IMAGES, ROC ONLY) - FSI;[US, Wisconsin—Birth Records, Charge-Out Forms, 1964–1980 \[Part A\]|https://www.familysearch.org/indexing/admin-new/#/projects/464D15CB-E7AB-4E2A-B8EE-5801228C5B68/overview] \\ [US, Wisconsin—Birth Records, 1964–1980|https://www.familysearch.org/indexing/admin-new/#/projects/BBAAD840-13AA-4D2A-A481-583F595F2ECB/overview];In Production \\ In Production;[US, Wisconsin—Birth Records, 1964–1980|https://www.familysearch.org/indexing/admin-new/#/projects/BBAAD840-13AA-4D2A-A481-583F595F2ECB/overview];[683111DB-9FEF-4455-84E5-989FBD193E52|https://www.familysearch.org/indexing/admin-new/#/projects/BBAAD840-13AA-4D2A-A481-583F595F2ECB/manage/683111DB-9FEF-4455-84E5-989FBD193E52/batches/list];READY_FOR_DELIVERY;
104910741;18-0127: Wisconsin, Wisconsin Vital Records Office, Birth Records, 1964-1980 - (Ancestry 47754) - FSI \\ 18-1425: Wisconsin, Wisconsin Vital Records Office, Birth Records, 1964-1980 - (ACOM, NED IMAGES, ROC ONLY) - FSI;[US, Wisconsin—Birth Records, Charge-Out Forms, 1964–1980 \[Part A\]|https://www.familysearch.org/indexing/admin-new/#/projects/464D15CB-E7AB-4E2A-B8EE-5801228C5B68/overview] \\ [US, Wisconsin—Birth Records, 1964–1980|https://www.familysearch.org/indexing/admin-new/#/projects/BBAAD840-13AA-4D2A-A481-583F595F2ECB/overview];In Production \\ In Production;[US, Wisconsin—Birth Records, 1964–1980|https://www.familysearch.org/indexing/admin-new/#/projects/BBAAD840-13AA-4D2A-A481-583F595F2ECB/overview];[9A669EBC-42AE-46CE-BB31-DCA53E7295A9|https://www.familysearch.org/indexing/admin-new/#/projects/BBAAD840-13AA-4D2A-A481-583F595F2ECB/manage/9A669EBC-42AE-46CE-BB31-DCA53E7295A9/batches/list];READY_FOR_DELIVERY;
104910742;18-0127: Wisconsin, Wisconsin Vital Records Office, Birth Records, 1964-1980 - (Ancestry 47754) - FSI \\ 18-1425: Wisconsin, Wisconsin Vital Records Office, Birth Records, 1964-1980 - (ACOM, NED IMAGES, ROC ONLY) - FSI;[US, Wisconsin—Birth Records, Charge-Out Forms, 1964–1980 \[Part A\]|https://www.familysearch.org/indexing/admin-new/#/projects/464D15CB-E7AB-4E2A-B8EE-5801228C5B68/overview] \\ [US, Wisconsin—Birth Records, 1964–1980|https://www.familysearch.org/indexing/admin-new/#/projects/BBAAD840-13AA-4D2A-A481-583F595F2ECB/overview];In Production \\ In Production;[US, Wisconsin—Birth Records, 1964–1980|https://www.familysearch.org/indexing/admin-new/#/projects/BBAAD840-13AA-4D2A-A481-583F595F2ECB/overview];[E67689AC-16FC-449F-A27A-FFB244CC14E2|https://www.familysearch.org/indexing/admin-new/#/projects/BBAAD840-13AA-4D2A-A481-583F595F2ECB/manage/E67689AC-16FC-449F-A27A-FFB244CC14E2/batches/list];READY_FOR_DELIVERY;
104910743;18-0127: Wisconsin, Wisconsin Vital Records Office, Birth Records, 1964-1980 - (Ancestry 47754) - FSI \\ 18-1425: Wisconsin, Wisconsin Vital Records Office, Birth Records, 1964-1980 - (ACOM, NED IMAGES, ROC ONLY) - FSI;[US, Wisconsin—Birth Records, Charge-Out Forms, 1964–1980 \[Part A\]|https://www.familysearch.org/indexing/admin-new/#/projects/464D15CB-E7AB-4E2A-B8EE-5801228C5B68/overview] \\ [US, Wisconsin—Birth Records, 1964–1980|https://www.familysearch.org/indexing/admin-new/#/projects/BBAAD840-13AA-4D2A-A481-583F595F2ECB/overview];In Production \\ In Production;[US, Wisconsin—Birth Records, 1964–1980|https://www.familysearch.org/indexing/admin-new/#/projects/BBAAD840-13AA-4D2A-A481-583F595F2ECB/overview];[CF457874-2AFA-4851-B19E-16BFC4E95330|https://www.familysearch.org/indexing/admin-new/#/projects/BBAAD840-13AA-4D2A-A481-583F595F2ECB/manage/CF457874-2AFA-4851-B19E-16BFC4E95330/batches/list];READY_FOR_DELIVERY;
104910744;18-0127: Wisconsin, Wisconsin Vital Records Office, Birth Records, 1964-1980 - (Ancestry 47754) - FSI \\ 18-1425: Wisconsin, Wisconsin Vital Records Office, Birth Records, 1964-1980 - (ACOM, NED IMAGES, ROC ONLY) - FSI;[US, Wisconsin—Birth Records, Charge-Out Forms, 1964–1980 \[Part A\]|https://www.familysearch.org/indexing/admin-new/#/projects/464D15CB-E7AB-4E2A-B8EE-5801228C5B68/overview] \\ [US, Wisconsin—Birth Records, 1964–1980|https://www.familysearch.org/indexing/admin-new/#/projects/BBAAD840-13AA-4D2A-A481-583F595F2ECB/overview];In Production \\ In Production;[US, Wisconsin—Birth Records, 1964–1980|https://www.familysearch.org/indexing/admin-new/#/projects/BBAAD840-13AA-4D2A-A481-583F595F2ECB/overview];[BA79EB8E-8373-412C-8BB2-FFC1B16FD5BE|https://www.familysearch.org/indexing/admin-new/#/projects/BBAAD840-13AA-4D2A-A481-583F595F2ECB/manage/BA79EB8E-8373-412C-8BB2-FFC1B16FD5BE/batches/list];READY_FOR_DELIVERY;
104910745;18-0127: Wisconsin, Wisconsin Vital Records Office, Birth Records, 1964-1980 - (Ancestry 47754) - FSI \\ 18-1425: Wisconsin, Wisconsin Vital Records Office, Birth Records, 1964-1980 - (ACOM, NED IMAGES, ROC ONLY) - FSI;[US, Wisconsin—Birth Records, Charge-Out Forms, 1964–1980 \[Part A\]|https://www.familysearch.org/indexing/admin-new/#/projects/464D15CB-E7AB-4E2A-B8EE-5801228C5B68/overview] \\ [US, Wisconsin—Birth Records, 1964–1980|https://www.familysearch.org/indexing/admin-new/#/projects/BBAAD840-13AA-4D2A-A481-583F595F2ECB/overview];In Production \\ In Production;[US, Wisconsin—Birth Records, 1964–1980|https://www.familysearch.org/indexing/admin-new/#/projects/BBAAD840-13AA-4D2A-A481-583F595F2ECB/overview];[28206815-5515-4605-8045-509E2F919F00|https://www.familysearch.org/indexing/admin-new/#/projects/BBAAD840-13AA-4D2A-A481-583F595F2ECB/manage/28206815-5515-4605-8045-509E2F919F00/batches/list];READY_FOR_DELIVERY;
104910746;18-0127: Wisconsin, Wisconsin Vital Records Office, Birth Records, 1964-1980 - (Ancestry 47754) - FSI \\ 18-1425: Wisconsin, Wisconsin Vital Records Office, Birth Records, 1964-1980 - (ACOM, NED IMAGES, ROC ONLY) - FSI;[US, Wisconsin—Birth Records, Charge-Out Forms, 1964–1980 \[Part A\]|https://www.familysearch.org/indexing/admin-new/#/projects/464D15CB-E7AB-4E2A-B8EE-5801228C5B68/overview] \\ [US, Wisconsin—Birth Records, 1964–1980|https://www.familysearch.org/indexing/admin-new/#/projects/BBAAD840-13AA-4D2A-A481-583F595F2ECB/overview];In Production \\ In Production;[US, Wisconsin—Birth Records, 1964–1980|https://www.familysearch.org/indexing/admin-new/#/projects/BBAAD840-13AA-4D2A-A481-583F595F2ECB/overview];[1AFA449A-DDE8-431E-A28E-64E38C5CC837|https://www.familysearch.org/indexing/admin-new/#/projects/BBAAD840-13AA-4D2A-A481-583F595F2ECB/manage/1AFA449A-DDE8-431E-A28E-64E38C5CC837/batches/list];READY_FOR_DELIVERY;
104910747;18-0127: Wisconsin, Wisconsin Vital Records Office, Birth Records, 1964-1980 - (Ancestry 47754) - FSI \\ 18-1425: Wisconsin, Wisconsin Vital Records Office, Birth Records, 1964-1980 - (ACOM, NED IMAGES, ROC ONLY) - FSI;[US, Wisconsin—Birth Records, Charge-Out Forms, 1964–1980 \[Part A\]|https://www.familysearch.org/indexing/admin-new/#/projects/464D15CB-E7AB-4E2A-B8EE-5801228C5B68/overview] \\ [US, Wisconsin—Birth Records, 1964–1980|https://www.familysearch.org/indexing/admin-new/#/projects/BBAAD840-13AA-4D2A-A481-583F595F2ECB/overview];In Production \\ In Production;[US, Wisconsin—Birth Records, 1964–1980|https://www.familysearch.org/indexing/admin-new/#/projects/BBAAD840-13AA-4D2A-A481-583F595F2ECB/overview];[5361316D-B595-4DEA-953F-81F52E9CE6B0|https://www.familysearch.org/indexing/admin-new/#/projects/BBAAD840-13AA-4D2A-A481-583F595F2ECB/manage/5361316D-B595-4DEA-953F-81F52E9CE6B0/batches/list];READY_FOR_DELIVERY;
104910748;18-0127: Wisconsin, Wisconsin Vital Records Office, Birth Records, 1964-1980 - (Ancestry 47754) - FSI \\ 18-1425: Wisconsin, Wisconsin Vital Records Office, Birth Records, 1964-1980 - (ACOM, NED IMAGES, ROC ONLY) - FSI;[US, Wisconsin—Birth Records, Charge-Out Forms, 1964–1980 \[Part A\]|https://www.familysearch.org/indexing/admin-new/#/projects/464D15CB-E7AB-4E2A-B8EE-5801228C5B68/overview] \\ [US, Wisconsin—Birth Records, 1964–1980|https://www.familysearch.org/indexing/admin-new/#/projects/BBAAD840-13AA-4D2A-A481-583F595F2ECB/overview];In Production \\ In Production;[US, Wisconsin—Birth Records, 1964–1980|https://www.familysearch.org/indexing/admin-new/#/projects/BBAAD840-13AA-4D2A-A481-583F595F2ECB/overview];[2808EE54-927B-492F-8198-4FCA1FE8FFDF|https://www.familysearch.org/indexing/admin-new/#/projects/BBAAD840-13AA-4D2A-A481-583F595F2ECB/manage/2808EE54-927B-492F-8198-4FCA1FE8FFDF/batches/list];READY_FOR_DELIVERY;
104910749;18-0127: Wisconsin, Wisconsin Vital Records Office, Birth Records, 1964-1980 - (Ancestry 47754) - FSI \\ 18-1425: Wisconsin, Wisconsin Vital Records Office, Birth Records, 1964-1980 - (ACOM, NED IMAGES, ROC ONLY) - FSI;[US, Wisconsin—Birth Records, Charge-Out Forms, 1964–1980 \[Part A\]|https://www.familysearch.org/indexing/admin-new/#/projects/464D15CB-E7AB-4E2A-B8EE-5801228C5B68/overview] \\ [US, Wisconsin—Birth Records, 1964–1980|https://www.familysearch.org/indexing/admin-new/#/projects/BBAAD840-13AA-4D2A-A481-583F595F2ECB/overview];In Production \\ In Production;[US, Wisconsin—Birth Records, 1964–1980|https://www.familysearch.org/indexing/admin-new/#/projects/BBAAD840-13AA-4D2A-A481-583F595F2ECB/overview];[F70D9E5F-AB00-4302-B14E-68B615CE8214|https://www.familysearch.org/indexing/admin-new/#/projects/BBAAD840-13AA-4D2A-A481-583F595F2ECB/manage/F70D9E5F-AB00-4302-B14E-68B615CE8214/batches/list];READY_FOR_DELIVERY;
104910750;18-0127: Wisconsin, Wisconsin Vital Records Office, Birth Records, 1964-1980 - (Ancestry 47754) - FSI \\ 18-1425: Wisconsin, Wisconsin Vital Records Office, Birth Records, 1964-1980 - (ACOM, NED IMAGES, ROC ONLY) - FSI;[US, Wisconsin—Birth Records, Charge-Out Forms, 1964–1980 \[Part A\]|https://www.familysearch.org/indexing/admin-new/#/projects/464D15CB-E7AB-4E2A-B8EE-5801228C5B68/overview] \\ [US, Wisconsin—Birth Records, 1964–1980|https://www.familysearch.org/indexing/admin-new/#/projects/BBAAD840-13AA-4D2A-A481-583F595F2ECB/overview];In Production \\ In Production;[US, Wisconsin—Birth Records, 1964–1980|https://www.familysearch.org/indexing/admin-new/#/projects/BBAAD840-13AA-4D2A-A481-583F595F2ECB/overview];[283F97A7-2B47-4CFB-8D06-894662587AE7|https://www.familysearch.org/indexing/admin-new/#/projects/BBAAD840-13AA-4D2A-A481-583F595F2ECB/manage/283F97A7-2B47-4CFB-8D06-894662587AE7/batches/list];READY_FOR_DELIVERY;
104910751;18-0127: Wisconsin, Wisconsin Vital Records Office, Birth Records, 1964-1980 - (Ancestry 47754) - FSI \\ 18-1425: Wisconsin, Wisconsin Vital Records Office, Birth Records, 1964-1980 - (ACOM, NED IMAGES, ROC ONLY) - FSI;[US, Wisconsin—Birth Records, Charge-Out Forms, 1964–1980 \[Part A\]|https://www.familysearch.org/indexing/admin-new/#/projects/464D15CB-E7AB-4E2A-B8EE-5801228C5B68/overview] \\ [US, Wisconsin—Birth Records, 1964–1980|https://www.familysearch.org/indexing/admin-new/#/projects/BBAAD840-13AA-4D2A-A481-583F595F2ECB/overview];In Production \\ In Production;[US, Wisconsin—Birth Records, 1964–1980|https://www.familysearch.org/indexing/admin-new/#/projects/BBAAD840-13AA-4D2A-A481-583F595F2ECB/overview];[7DCB3F76-E1D4-4DFB-9211-3B6A9E11EBEA|https://www.familysearch.org/indexing/admin-new/#/projects/BBAAD840-13AA-4D2A-A481-583F595F2ECB/manage/7DCB3F76-E1D4-4DFB-9211-3B6A9E11EBEA/batches/list];READY_FOR_DELIVERY;
104910752;18-0127: Wisconsin, Wisconsin Vital Records Office, Birth Records, 1964-1980 - (Ancestry 47754) - FSI \\ 18-1425: Wisconsin, Wisconsin Vital Records Office, Birth Records, 1964-1980 - (ACOM, NED IMAGES, ROC ONLY) - FSI;[US, Wisconsin—Birth Records, Charge-Out Forms, 1964–1980 \[Part A\]|https://www.familysearch.org/indexing/admin-new/#/projects/464D15CB-E7AB-4E2A-B8EE-5801228C5B68/overview] \\ [US, Wisconsin—Birth Records, 1964–1980|https://www.familysearch.org/indexing/admin-new/#/projects/BBAAD840-13AA-4D2A-A481-583F595F2ECB/overview];In Production \\ In Production;[US, Wisconsin—Birth Records, 1964–1980|https://www.familysearch.org/indexing/admin-new/#/projects/BBAAD840-13AA-4D2A-A481-583F595F2ECB/overview];[6387BFC5-7AEF-48DB-B675-A2F5FE89C9D0|https://www.familysearch.org/indexing/admin-new/#/projects/BBAAD840-13AA-4D2A-A481-583F595F2ECB/manage/6387BFC5-7AEF-48DB-B675-A2F5FE89C9D0/batches/list];READY_FOR_DELIVERY;
104910753;18-0127: Wisconsin, Wisconsin Vital Records Office, Birth Records, 1964-1980 - (Ancestry 47754) - FSI \\ 18-1425: Wisconsin, Wisconsin Vital Records Office, Birth Records, 1964-1980 - (ACOM, NED IMAGES, ROC ONLY) - FSI;[US, Wisconsin—Birth Records, Charge-Out Forms, 1964–1980 \[Part A\]|https://www.familysearch.org/indexing/admin-new/#/projects/464D15CB-E7AB-4E2A-B8EE-5801228C5B68/overview] \\ [US, Wisconsin—Birth Records, 1964–1980|https://www.familysearch.org/indexing/admin-new/#/projects/BBAAD840-13AA-4D2A-A481-583F595F2ECB/overview];In Production \\ In Production;[US, Wisconsin—Birth Records, 1964–1980|https://www.familysearch.org/indexing/admin-new/#/projects/BBAAD840-13AA-4D2A-A481-583F595F2ECB/overview];[D2D67B80-18BB-4316-97D5-150EB0DB4B86|https://www.familysearch.org/indexing/admin-new/#/projects/BBAAD840-13AA-4D2A-A481-583F595F2ECB/manage/D2D67B80-18BB-4316-97D5-150EB0DB4B86/batches/list];READY_FOR_DELIVERY;
104910754;18-0127: Wisconsin, Wisconsin Vital Records Office, Birth Records, 1964-1980 - (Ancestry 47754) - FSI \\ 18-1425: Wisconsin, Wisconsin Vital Records Office, Birth Records, 1964-1980 - (ACOM, NED IMAGES, ROC ONLY) - FSI;[US, Wisconsin—Birth Records, Charge-Out Forms, 1964–1980 \[Part A\]|https://www.familysearch.org/indexing/admin-new/#/projects/464D15CB-E7AB-4E2A-B8EE-5801228C5B68/overview] \\ [US, Wisconsin—Birth Records, 1964–1980|https://www.familysearch.org/indexing/admin-new/#/projects/BBAAD840-13AA-4D2A-A481-583F595F2ECB/overview];In Production \\ In Production;[US, Wisconsin—Birth Records, 1964–1980|https://www.familysearch.org/indexing/admin-new/#/projects/BBAAD840-13AA-4D2A-A481-583F595F2ECB/overview];[3C57D0BA-8331-4F65-BBC3-CDDDB0E852AD|https://www.familysearch.org/indexing/admin-new/#/projects/BBAAD840-13AA-4D2A-A481-583F595F2ECB/manage/3C57D0BA-8331-4F65-BBC3-CDDDB0E852AD/batches/list];READY_FOR_DELIVERY;
104910755;18-0127: Wisconsin, Wisconsin Vital Records Office, Birth Records, 1964-1980 - (Ancestry 47754) - FSI \\ 18-1425: Wisconsin, Wisconsin Vital Records Office, Birth Records, 1964-1980 - (ACOM, NED IMAGES, ROC ONLY) - FSI;[US, Wisconsin—Birth Records, Charge-Out Forms, 1964–1980 \[Part A\]|https://www.familysearch.org/indexing/admin-new/#/projects/464D15CB-E7AB-4E2A-B8EE-5801228C5B68/overview] \\ [US, Wisconsin—Birth Records, 1964–1980|https://www.familysearch.org/indexing/admin-new/#/projects/BBAAD840-13AA-4D2A-A481-583F595F2ECB/overview];In Production \\ In Production;[US, Wisconsin—Birth Records, 1964–1980|https://www.familysearch.org/indexing/admin-new/#/projects/BBAAD840-13AA-4D2A-A481-583F595F2ECB/overview];[DB04CD62-6D91-4E74-AAB0-1A96893CA65A|https://www.familysearch.org/indexing/admin-new/#/projects/BBAAD840-13AA-4D2A-A481-583F595F2ECB/manage/DB04CD62-6D91-4E74-AAB0-1A96893CA65A/batches/list];READY_FOR_DELIVERY;
104910756;18-0127: Wisconsin, Wisconsin Vital Records Office, Birth Records, 1964-1980 - (Ancestry 47754) - FSI \\ 18-1425: Wisconsin, Wisconsin Vital Records Office, Birth Records, 1964-1980 - (ACOM, NED IMAGES, ROC ONLY) - FSI;[US, Wisconsin—Birth Records, Charge-Out Forms, 1964–1980 \[Part A\]|https://www.familysearch.org/indexing/admin-new/#/projects/464D15CB-E7AB-4E2A-B8EE-5801228C5B68/overview] \\ [US, Wisconsin—Birth Records, 1964–1980|https://www.familysearch.org/indexing/admin-new/#/projects/BBAAD840-13AA-4D2A-A481-583F595F2ECB/overview];In Production \\ In Production;[US, Wisconsin—Birth Records, 1964–1980|https://www.familysearch.org/indexing/admin-new/#/projects/BBAAD840-13AA-4D2A-A481-583F595F2ECB/overview];[6CBCD51E-E3B5-40ED-8CE3-A96A9FD70138|https://www.familysearch.org/indexing/admin-new/#/projects/BBAAD840-13AA-4D2A-A481-583F595F2ECB/manage/6CBCD51E-E3B5-40ED-8CE3-A96A9FD70138/batches/list];READY_FOR_DELIVERY;
104910757;18-0127: Wisconsin, Wisconsin Vital Records Office, Birth Records, 1964-1980 - (Ancestry 47754) - FSI \\ 18-1425: Wisconsin, Wisconsin Vital Records Office, Birth Records, 1964-1980 - (ACOM, NED IMAGES, ROC ONLY) - FSI;[US, Wisconsin—Birth Records, Charge-Out Forms, 1964–1980 \[Part A\]|https://www.familysearch.org/indexing/admin-new/#/projects/464D15CB-E7AB-4E2A-B8EE-5801228C5B68/overview] \\ [US, Wisconsin—Birth Records, 1964–1980|https://www.familysearch.org/indexing/admin-new/#/projects/BBAAD840-13AA-4D2A-A481-583F595F2ECB/overview];In Production \\ In Production;[US, Wisconsin—Birth Records, 1964–1980|https://www.familysearch.org/indexing/admin-new/#/projects/BBAAD840-13AA-4D2A-A481-583F595F2ECB/overview];[D24A16CF-DBEB-4065-8BF5-2BB6CA74A7B6|https://www.familysearch.org/indexing/admin-new/#/projects/BBAAD840-13AA-4D2A-A481-583F595F2ECB/manage/D24A16CF-DBEB-4065-8BF5-2BB6CA74A7B6/batches/list];READY_FOR_DELIVERY;
104910758;18-0127: Wisconsin, Wisconsin Vital Records Office, Birth Records, 1964-1980 - (Ancestry 47754) - FSI \\ 18-1425: Wisconsin, Wisconsin Vital Records Office, Birth Records, 1964-1980 - (ACOM, NED IMAGES, ROC ONLY) - FSI;[US, Wisconsin—Birth Records, Charge-Out Forms, 1964–1980 \[Part A\]|https://www.familysearch.org/indexing/admin-new/#/projects/464D15CB-E7AB-4E2A-B8EE-5801228C5B68/overview] \\ [US, Wisconsin—Birth Records, 1964–1980|https://www.familysearch.org/indexing/admin-new/#/projects/BBAAD840-13AA-4D2A-A481-583F595F2ECB/overview];In Production \\ In Production;[US, Wisconsin—Birth Records, 1964–1980|https://www.familysearch.org/indexing/admin-new/#/projects/BBAAD840-13AA-4D2A-A481-583F595F2ECB/overview];[ABEB17A3-F6B9-4142-B3C2-BCCC02EECA88|https://www.familysearch.org/indexing/admin-new/#/projects/BBAAD840-13AA-4D2A-A481-583F595F2ECB/manage/ABEB17A3-F6B9-4142-B3C2-BCCC02EECA88/batches/list];READY_FOR_DELIVERY;
104910759;18-0127: Wisconsin, Wisconsin Vital Records Office, Birth Records, 1964-1980 - (Ancestry 47754) - FSI \\ 18-1425: Wisconsin, Wisconsin Vital Records Office, Birth Records, 1964-1980 - (ACOM, NED IMAGES, ROC ONLY) - FSI;[US, Wisconsin—Birth Records, Charge-Out Forms, 1964–1980 \[Part A\]|https://www.familysearch.org/indexing/admin-new/#/projects/464D15CB-E7AB-4E2A-B8EE-5801228C5B68/overview] \\ [US, Wisconsin—Birth Records, 1964–1980|https://www.familysearch.org/indexing/admin-new/#/projects/BBAAD840-13AA-4D2A-A481-583F595F2ECB/overview];In Production \\ In Production;[US, Wisconsin—Birth Records, 1964–1980|https://www.familysearch.org/indexing/admin-new/#/projects/BBAAD840-13AA-4D2A-A481-583F595F2ECB/overview];[2822C2AB-AC4A-49EA-9F30-4877EC99E6B3|https://www.familysearch.org/indexing/admin-new/#/projects/BBAAD840-13AA-4D2A-A481-583F595F2ECB/manage/2822C2AB-AC4A-49EA-9F30-4877EC99E6B3/batches/list];READY_FOR_DELIVERY;
104910760;18-0127: Wisconsin, Wisconsin Vital Records Office, Birth Records, 1964-1980 - (Ancestry 47754) - FSI \\ 18-1425: Wisconsin, Wisconsin Vital Records Office, Birth Records, 1964-1980 - (ACOM, NED IMAGES, ROC ONLY) - FSI;[US, Wisconsin—Birth Records, Charge-Out Forms, 1964–1980 \[Part A\]|https://www.familysearch.org/indexing/admin-new/#/projects/464D15CB-E7AB-4E2A-B8EE-5801228C5B68/overview] \\ [US, Wisconsin—Birth Records, 1964–1980|https://www.familysearch.org/indexing/admin-new/#/projects/BBAAD840-13AA-4D2A-A481-583F595F2ECB/overview];In Production \\ In Production;[US, Wisconsin—Birth Records, 1964–1980|https://www.familysearch.org/indexing/admin-new/#/projects/BBAAD840-13AA-4D2A-A481-583F595F2ECB/overview];[0A4D88D6-7199-49D6-AC04-ECB2FAD65E41|https://www.familysearch.org/indexing/admin-new/#/projects/BBAAD840-13AA-4D2A-A481-583F595F2ECB/manage/0A4D88D6-7199-49D6-AC04-ECB2FAD65E41/batches/list];READY_FOR_DELIVERY;
104910761;18-0127: Wisconsin, Wisconsin Vital Records Office, Birth Records, 1964-1980 - (Ancestry 47754) - FSI \\ 18-1425: Wisconsin, Wisconsin Vital Records Office, Birth Records, 1964-1980 - (ACOM, NED IMAGES, ROC ONLY) - FSI;[US, Wisconsin—Birth Records, Charge-Out Forms, 1964–1980 \[Part A\]|https://www.familysearch.org/indexing/admin-new/#/projects/464D15CB-E7AB-4E2A-B8EE-5801228C5B68/overview] \\ [US, Wisconsin—Birth Records, 1964–1980|https://www.familysearch.org/indexing/admin-new/#/projects/BBAAD840-13AA-4D2A-A481-583F595F2ECB/overview];In Production \\ In Production;[US, Wisconsin—Birth Records, 1964–1980|https://www.familysearch.org/indexing/admin-new/#/projects/BBAAD840-13AA-4D2A-A481-583F595F2ECB/overview];[66625F76-AFF3-44A1-8D75-1817A46C2824|https://www.familysearch.org/indexing/admin-new/#/projects/BBAAD840-13AA-4D2A-A481-583F595F2ECB/manage/66625F76-AFF3-44A1-8D75-1817A46C2824/batches/list];READY_FOR_DELIVERY;
104910762;18-0127: Wisconsin, Wisconsin Vital Records Office, Birth Records, 1964-1980 - (Ancestry 47754) - FSI \\ 18-1425: Wisconsin, Wisconsin Vital Records Office, Birth Records, 1964-1980 - (ACOM, NED IMAGES, ROC ONLY) - FSI;[US, Wisconsin—Birth Records, Charge-Out Forms, 1964–1980 \[Part A\]|https://www.familysearch.org/indexing/admin-new/#/projects/464D15CB-E7AB-4E2A-B8EE-5801228C5B68/overview] \\ [US, Wisconsin—Birth Records, 1964–1980|https://www.familysearch.org/indexing/admin-new/#/projects/BBAAD840-13AA-4D2A-A481-583F595F2ECB/overview];In Production \\ In Production;[US, Wisconsin—Birth Records, 1964–1980|https://www.familysearch.org/indexing/admin-new/#/projects/BBAAD840-13AA-4D2A-A481-583F595F2ECB/overview];[1E7FDA39-8E06-4670-86B4-FB9794BF7858|https://www.familysearch.org/indexing/admin-new/#/projects/BBAAD840-13AA-4D2A-A481-583F595F2ECB/manage/1E7FDA39-8E06-4670-86B4-FB9794BF7858/batches/list];READY_FOR_DELIVERY;
104910763;18-0127: Wisconsin, Wisconsin Vital Records Office, Birth Records, 1964-1980 - (Ancestry 47754) - FSI \\ 18-1425: Wisconsin, Wisconsin Vital Records Office, Birth Records, 1964-1980 - (ACOM, NED IMAGES, ROC ONLY) - FSI;[US, Wisconsin—Birth Records, Charge-Out Forms, 1964–1980 \[Part A\]|https://www.familysearch.org/indexing/admin-new/#/projects/464D15CB-E7AB-4E2A-B8EE-5801228C5B68/overview] \\ [US, Wisconsin—Birth Records, 1964–1980|https://www.familysearch.org/indexing/admin-new/#/projects/BBAAD840-13AA-4D2A-A481-583F595F2ECB/overview];In Production \\ In Production;[US, Wisconsin—Birth Records, 1964–1980|https://www.familysearch.org/indexing/admin-new/#/projects/BBAAD840-13AA-4D2A-A481-583F595F2ECB/overview];[01A095DD-7F99-4D02-9996-E5E27E91C5FC|https://www.familysearch.org/indexing/admin-new/#/projects/BBAAD840-13AA-4D2A-A481-583F595F2ECB/manage/01A095DD-7F99-4D02-9996-E5E27E91C5FC/batches/list];READY_FOR_DELIVERY;
104910764;18-0127: Wisconsin, Wisconsin Vital Records Office, Birth Records, 1964-1980 - (Ancestry 47754) - FSI \\ 18-1425: Wisconsin, Wisconsin Vital Records Office, Birth Records, 1964-1980 - (ACOM, NED IMAGES, ROC ONLY) - FSI;[US, Wisconsin—Birth Records, Charge-Out Forms, 1964–1980 \[Part A\]|https://www.familysearch.org/indexing/admin-new/#/projects/464D15CB-E7AB-4E2A-B8EE-5801228C5B68/overview] \\ [US, Wisconsin—Birth Records, 1964–1980|https://www.familysearch.org/indexing/admin-new/#/projects/BBAAD840-13AA-4D2A-A481-583F595F2ECB/overview];In Production \\ In Production;[US, Wisconsin—Birth Records, 1964–1980|https://www.familysearch.org/indexing/admin-new/#/projects/BBAAD840-13AA-4D2A-A481-583F595F2ECB/overview];[DBF4122F-DB85-4131-9BEF-7CB8D3521699|https://www.familysearch.org/indexing/admin-new/#/projects/BBAAD840-13AA-4D2A-A481-583F595F2ECB/manage/DBF4122F-DB85-4131-9BEF-7CB8D3521699/batches/list];READY_FOR_DELIVERY;
104910765;18-0127: Wisconsin, Wisconsin Vital Records Office, Birth Records, 1964-1980 - (Ancestry 47754) - FSI \\ 18-1425: Wisconsin, Wisconsin Vital Records Office, Birth Records, 1964-1980 - (ACOM, NED IMAGES, ROC ONLY) - FSI;[US, Wisconsin—Birth Records, Charge-Out Forms, 1964–1980 \[Part A\]|https://www.familysearch.org/indexing/admin-new/#/projects/464D15CB-E7AB-4E2A-B8EE-5801228C5B68/overview] \\ [US, Wisconsin—Birth Records, 1964–1980|https://www.familysearch.org/indexing/admin-new/#/projects/BBAAD840-13AA-4D2A-A481-583F595F2ECB/overview];In Production \\ In Production;[US, Wisconsin—Birth Records, 1964–1980|https://www.familysearch.org/indexing/admin-new/#/projects/BBAAD840-13AA-4D2A-A481-583F595F2ECB/overview];[90B8C3EE-32F9-44C0-B0BD-A27605256B6D|https://www.familysearch.org/indexing/admin-new/#/projects/BBAAD840-13AA-4D2A-A481-583F595F2ECB/manage/90B8C3EE-32F9-44C0-B0BD-A27605256B6D/batches/list];READY_FOR_DELIVERY;
104910766;18-0127: Wisconsin, Wisconsin Vital Records Office, Birth Records, 1964-1980 - (Ancestry 47754) - FSI \\ 18-1425: Wisconsin, Wisconsin Vital Records Office, Birth Records, 1964-1980 - (ACOM, NED IMAGES, ROC ONLY) - FSI;[US, Wisconsin—Birth Records, 1964–1980|https://www.familysearch.org/indexing/admin-new/#/projects/BBAAD840-13AA-4D2A-A481-583F595F2ECB/overview] \\ [US, Wisconsin—Birth Records, Charge-Out Forms, 1964–1980 \[Part B\]|https://www.familysearch.org/indexing/admin-new/#/projects/D2FF9F8F-D129-4383-A197-A48C5E4B06D3/overview];In Production \\ In Production;[US, Wisconsin—Birth Records, 1964–1980|https://www.familysearch.org/indexing/admin-new/#/projects/BBAAD840-13AA-4D2A-A481-583F595F2ECB/overview];[36CFD799-5D68-443D-BFDB-26A325D41522|https://www.familysearch.org/indexing/admin-new/#/projects/BBAAD840-13AA-4D2A-A481-583F595F2ECB/manage/36CFD799-5D68-443D-BFDB-26A325D41522/batches/list];READY_FOR_DELIVERY;
104910767;18-0127: Wisconsin, Wisconsin Vital Records Office, Birth Records, 1964-1980 - (Ancestry 47754) - FSI \\ 18-1425: Wisconsin, Wisconsin Vital Records Office, Birth Records, 1964-1980 - (ACOM, NED IMAGES, ROC ONLY) - FSI;[US, Wisconsin—Birth Records, 1964–1980|https://www.familysearch.org/indexing/admin-new/#/projects/BBAAD840-13AA-4D2A-A481-583F595F2ECB/overview] \\ [US, Wisconsin—Birth Records, Charge-Out Forms, 1964–1980 \[Part B\]|https://www.familysearch.org/indexing/admin-new/#/projects/D2FF9F8F-D129-4383-A197-A48C5E4B06D3/overview];In Production \\ In Production;[US, Wisconsin—Birth Records, 1964–1980|https://www.familysearch.org/indexing/admin-new/#/projects/BBAAD840-13AA-4D2A-A481-583F595F2ECB/overview];[FDEC4317-593F-443E-8D19-371EFE266420|https://www.familysearch.org/indexing/admin-new/#/projects/BBAAD840-13AA-4D2A-A481-583F595F2ECB/manage/FDEC4317-593F-443E-8D19-371EFE266420/batches/list];READY_FOR_DELIVERY;
104910768;18-0127: Wisconsin, Wisconsin Vital Records Office, Birth Records, 1964-1980 - (Ancestry 47754) - FSI \\ 18-1425: Wisconsin, Wisconsin Vital Records Office, Birth Records, 1964-1980 - (ACOM, NED IMAGES, ROC ONLY) - FSI;[US, Wisconsin—Birth Records, 1964–1980|https://www.familysearch.org/indexing/admin-new/#/projects/BBAAD840-13AA-4D2A-A481-583F595F2ECB/overview] \\ [US, Wisconsin—Birth Records, Charge-Out Forms, 1964–1980 \[Part B\]|https://www.familysearch.org/indexing/admin-new/#/projects/D2FF9F8F-D129-4383-A197-A48C5E4B06D3/overview];In Production \\ In Production;[US, Wisconsin—Birth Records, 1964–1980|https://www.familysearch.org/indexing/admin-new/#/projects/BBAAD840-13AA-4D2A-A481-583F595F2ECB/overview];[AB2092DB-79D3-4641-B55A-4B7A72CD1E01|https://www.familysearch.org/indexing/admin-new/#/projects/BBAAD840-13AA-4D2A-A481-583F595F2ECB/manage/AB2092DB-79D3-4641-B55A-4B7A72CD1E01/batches/list];READY_FOR_DELIVERY;
104910769;18-0127: Wisconsin, Wisconsin Vital Records Office, Birth Records, 1964-1980 - (Ancestry 47754) - FSI \\ 18-1425: Wisconsin, Wisconsin Vital Records Office, Birth Records, 1964-1980 - (ACOM, NED IMAGES, ROC ONLY) - FSI;[US, Wisconsin—Birth Records, 1964–1980|https://www.familysearch.org/indexing/admin-new/#/projects/BBAAD840-13AA-4D2A-A481-583F595F2ECB/overview] \\ [US, Wisconsin—Birth Records, Charge-Out Forms, 1964–1980 \[Part B\]|https://www.familysearch.org/indexing/admin-new/#/projects/D2FF9F8F-D129-4383-A197-A48C5E4B06D3/overview];In Production \\ In Production;[US, Wisconsin—Birth Records, 1964–1980|https://www.familysearch.org/indexing/admin-new/#/projects/BBAAD840-13AA-4D2A-A481-583F595F2ECB/overview];[7886B03B-7535-4502-9E54-CC34221EC33E|https://www.familysearch.org/indexing/admin-new/#/projects/BBAAD840-13AA-4D2A-A481-583F595F2ECB/manage/7886B03B-7535-4502-9E54-CC34221EC33E/batches/list];READY_FOR_DELIVERY;
104910770;18-0127: Wisconsin, Wisconsin Vital Records Office, Birth Records, 1964-1980 - (Ancestry 47754) - FSI \\ 18-1425: Wisconsin, Wisconsin Vital Records Office, Birth Records, 1964-1980 - (ACOM, NED IMAGES, ROC ONLY) - FSI;[US, Wisconsin—Birth Records, 1964–1980|https://www.familysearch.org/indexing/admin-new/#/projects/BBAAD840-13AA-4D2A-A481-583F595F2ECB/overview] \\ [US, Wisconsin—Birth Records, Charge-Out Forms, 1964–1980 \[Part B\]|https://www.familysearch.org/indexing/admin-new/#/projects/D2FF9F8F-D129-4383-A197-A48C5E4B06D3/overview];In Production \\ In Production;[US, Wisconsin—Birth Records, 1964–1980|https://www.familysearch.org/indexing/admin-new/#/projects/BBAAD840-13AA-4D2A-A481-583F595F2ECB/overview];[AF76F12C-C5DD-41C7-AA45-5806CC70B524|https://www.familysearch.org/indexing/admin-new/#/projects/BBAAD840-13AA-4D2A-A481-583F595F2ECB/manage/AF76F12C-C5DD-41C7-AA45-5806CC70B524/batches/list];READY_FOR_DELIVERY;
104910771;18-0127: Wisconsin, Wisconsin Vital Records Office, Birth Records, 1964-1980 - (Ancestry 47754) - FSI \\ 18-1425: Wisconsin, Wisconsin Vital Records Office, Birth Records, 1964-1980 - (ACOM, NED IMAGES, ROC ONLY) - FSI;[US, Wisconsin—Birth Records, 1964–1980|https://www.familysearch.org/indexing/admin-new/#/projects/BBAAD840-13AA-4D2A-A481-583F595F2ECB/overview] \\ [US, Wisconsin—Birth Records, Charge-Out Forms, 1964–1980 \[Part B\]|https://www.familysearch.org/indexing/admin-new/#/projects/D2FF9F8F-D129-4383-A197-A48C5E4B06D3/overview];In Production \\ In Production;[US, Wisconsin—Birth Records, 1964–1980|https://www.familysearch.org/indexing/admin-new/#/projects/BBAAD840-13AA-4D2A-A481-583F595F2ECB/overview];[ACD22BE7-437B-4B9B-B8C6-3BD1495B390F|https://www.familysearch.org/indexing/admin-new/#/projects/BBAAD840-13AA-4D2A-A481-583F595F2ECB/manage/ACD22BE7-437B-4B9B-B8C6-3BD1495B390F/batches/list];READY_FOR_DELIVERY;
104910772;18-0127: Wisconsin, Wisconsin Vital Records Office, Birth Records, 1964-1980 - (Ancestry 47754) - FSI \\ 18-1425: Wisconsin, Wisconsin Vital Records Office, Birth Records, 1964-1980 - (ACOM, NED IMAGES, ROC ONLY) - FSI;[US, Wisconsin—Birth Records, 1964–1980|https://www.familysearch.org/indexing/admin-new/#/projects/BBAAD840-13AA-4D2A-A481-583F595F2ECB/overview] \\ [US, Wisconsin—Birth Records, Charge-Out Forms, 1964–1980 \[Part B\]|https://www.familysearch.org/indexing/admin-new/#/projects/D2FF9F8F-D129-4383-A197-A48C5E4B06D3/overview];In Production \\ In Production;[US, Wisconsin—Birth Records, 1964–1980|https://www.familysearch.org/indexing/admin-new/#/projects/BBAAD840-13AA-4D2A-A481-583F595F2ECB/overview];[21FE3F80-533C-4EDA-8A83-74BACB153B14|https://www.familysearch.org/indexing/admin-new/#/projects/BBAAD840-13AA-4D2A-A481-583F595F2ECB/manage/21FE3F80-533C-4EDA-8A83-74BACB153B14/batches/list];READY_FOR_DELIVERY;
104910773;18-0127: Wisconsin, Wisconsin Vital Records Office, Birth Records, 1964-1980 - (Ancestry 47754) - FSI \\ 18-1425: Wisconsin, Wisconsin Vital Records Office, Birth Records, 1964-1980 - (ACOM, NED IMAGES, ROC ONLY) - FSI;[US, Wisconsin—Birth Records, 1964–1980|https://www.familysearch.org/indexing/admin-new/#/projects/BBAAD840-13AA-4D2A-A481-583F595F2ECB/overview] \\ [US, Wisconsin—Birth Records, Charge-Out Forms, 1964–1980 \[Part B\]|https://www.familysearch.org/indexing/admin-new/#/projects/D2FF9F8F-D129-4383-A197-A48C5E4B06D3/overview];In Production \\ In Production;[US, Wisconsin—Birth Records, 1964–1980|https://www.familysearch.org/indexing/admin-new/#/projects/BBAAD840-13AA-4D2A-A481-583F595F2ECB/overview];[807D1B13-99E2-49A1-928B-0AF94A20D864|https://www.familysearch.org/indexing/admin-new/#/projects/BBAAD840-13AA-4D2A-A481-583F595F2ECB/manage/807D1B13-99E2-49A1-928B-0AF94A20D864/batches/list];READY_FOR_DELIVERY;
104910774;18-0127: Wisconsin, Wisconsin Vital Records Office, Birth Records, 1964-1980 - (Ancestry 47754) - FSI \\ 18-1425: Wisconsin, Wisconsin Vital Records Office, Birth Records, 1964-1980 - (ACOM, NED IMAGES, ROC ONLY) - FSI;[US, Wisconsin—Birth Records, 1964–1980|https://www.familysearch.org/indexing/admin-new/#/projects/BBAAD840-13AA-4D2A-A481-583F595F2ECB/overview] \\ [US, Wisconsin—Birth Records, Charge-Out Forms, 1964–1980 \[Part B\]|https://www.familysearch.org/indexing/admin-new/#/projects/D2FF9F8F-D129-4383-A197-A48C5E4B06D3/overview];In Production \\ In Production;[US, Wisconsin—Birth Records, 1964–1980|https://www.familysearch.org/indexing/admin-new/#/projects/BBAAD840-13AA-4D2A-A481-583F595F2ECB/overview];[4D31174A-4A10-405E-9ED4-0A2BB7636A51|https://www.familysearch.org/indexing/admin-new/#/projects/BBAAD840-13AA-4D2A-A481-583F595F2ECB/manage/4D31174A-4A10-405E-9ED4-0A2BB7636A51/batches/list];READY_FOR_DELIVERY;
104910775;18-0127: Wisconsin, Wisconsin Vital Records Office, Birth Records, 1964-1980 - (Ancestry 47754) - FSI \\ 18-1425: Wisconsin, Wisconsin Vital Records Office, Birth Records, 1964-1980 - (ACOM, NED IMAGES, ROC ONLY) - FSI;[US, Wisconsin—Birth Records, 1964–1980|https://www.familysearch.org/indexing/admin-new/#/projects/BBAAD840-13AA-4D2A-A481-583F595F2ECB/overview] \\ [US, Wisconsin—Birth Records, Charge-Out Forms, 1964–1980 \[Part B\]|https://www.familysearch.org/indexing/admin-new/#/projects/D2FF9F8F-D129-4383-A197-A48C5E4B06D3/overview];In Production \\ In Production;[US, Wisconsin—Birth Records, 1964–1980|https://www.familysearch.org/indexing/admin-new/#/projects/BBAAD840-13AA-4D2A-A481-583F595F2ECB/overview];[DC6EAE3C-46A9-4F6A-BC76-71D1E6DF75B7|https://www.familysearch.org/indexing/admin-new/#/projects/BBAAD840-13AA-4D2A-A481-583F595F2ECB/manage/DC6EAE3C-46A9-4F6A-BC76-71D1E6DF75B7/batches/list];READY_FOR_DELIVERY;
104910776;18-0127: Wisconsin, Wisconsin Vital Records Office, Birth Records, 1964-1980 - (Ancestry 47754) - FSI \\ 18-1425: Wisconsin, Wisconsin Vital Records Office, Birth Records, 1964-1980 - (ACOM, NED IMAGES, ROC ONLY) - FSI;[US, Wisconsin—Birth Records, 1964–1980|https://www.familysearch.org/indexing/admin-new/#/projects/BBAAD840-13AA-4D2A-A481-583F595F2ECB/overview] \\ [US, Wisconsin—Birth Records, Charge-Out Forms, 1964–1980 \[Part B\]|https://www.familysearch.org/indexing/admin-new/#/projects/D2FF9F8F-D129-4383-A197-A48C5E4B06D3/overview];In Production \\ In Production;[US, Wisconsin—Birth Records, 1964–1980|https://www.familysearch.org/indexing/admin-new/#/projects/BBAAD840-13AA-4D2A-A481-583F595F2ECB/overview];[C824B927-225B-45C4-A0F9-AE9925616991|https://www.familysearch.org/indexing/admin-new/#/projects/BBAAD840-13AA-4D2A-A481-583F595F2ECB/manage/C824B927-225B-45C4-A0F9-AE9925616991/batches/list];READY_FOR_DELIVERY;
104910777;18-0127: Wisconsin, Wisconsin Vital Records Office, Birth Records, 1964-1980 - (Ancestry 47754) - FSI \\ 18-1425: Wisconsin, Wisconsin Vital Records Office, Birth Records, 1964-1980 - (ACOM, NED IMAGES, ROC ONLY) - FSI;[US, Wisconsin—Birth Records, 1964–1980|https://www.familysearch.org/indexing/admin-new/#/projects/BBAAD840-13AA-4D2A-A481-583F595F2ECB/overview] \\ [US, Wisconsin—Birth Records, Charge-Out Forms, 1964–1980 \[Part B\]|https://www.familysearch.org/indexing/admin-new/#/projects/D2FF9F8F-D129-4383-A197-A48C5E4B06D3/overview];In Production \\ In Production;[US, Wisconsin—Birth Records, 1964–1980|https://www.familysearch.org/indexing/admin-new/#/projects/BBAAD840-13AA-4D2A-A481-583F595F2ECB/overview];[8562A48C-D569-45F1-AA0E-A8BF26882F9E|https://www.familysearch.org/indexing/admin-new/#/projects/BBAAD840-13AA-4D2A-A481-583F595F2ECB/manage/8562A48C-D569-45F1-AA0E-A8BF26882F9E/batches/list];READY_FOR_DELIVERY;
104910778;18-0127: Wisconsin, Wisconsin Vital Records Office, Birth Records, 1964-1980 - (Ancestry 47754) - FSI \\ 18-1425: Wisconsin, Wisconsin Vital Records Office, Birth Records, 1964-1980 - (ACOM, NED IMAGES, ROC ONLY) - FSI;[US, Wisconsin—Birth Records, 1964–1980|https://www.familysearch.org/indexing/admin-new/#/projects/BBAAD840-13AA-4D2A-A481-583F595F2ECB/overview] \\ [US, Wisconsin—Birth Records, Charge-Out Forms, 1964–1980 \[Part B\]|https://www.familysearch.org/indexing/admin-new/#/projects/D2FF9F8F-D129-4383-A197-A48C5E4B06D3/overview];In Production \\ In Production;[US, Wisconsin—Birth Records, 1964–1980|https://www.familysearch.org/indexing/admin-new/#/projects/BBAAD840-13AA-4D2A-A481-583F595F2ECB/overview];[185014AF-DD5B-4768-9D7D-26DD104287E9|https://www.familysearch.org/indexing/admin-new/#/projects/BBAAD840-13AA-4D2A-A481-583F595F2ECB/manage/185014AF-DD5B-4768-9D7D-26DD104287E9/batches/list];READY_FOR_DELIVERY;
104910779;18-0127: Wisconsin, Wisconsin Vital Records Office, Birth Records, 1964-1980 - (Ancestry 47754) - FSI \\ 18-1425: Wisconsin, Wisconsin Vital Records Office, Birth Records, 1964-1980 - (ACOM, NED IMAGES, ROC ONLY) - FSI;[US, Wisconsin—Birth Records, 1964–1980|https://www.familysearch.org/indexing/admin-new/#/projects/BBAAD840-13AA-4D2A-A481-583F595F2ECB/overview] \\ [US, Wisconsin—Birth Records, Charge-Out Forms, 1964–1980 \[Part B\]|https://www.familysearch.org/indexing/admin-new/#/projects/D2FF9F8F-D129-4383-A197-A48C5E4B06D3/overview];In Production \\ In Production;[US, Wisconsin—Birth Records, 1964–1980|https://www.familysearch.org/indexing/admin-new/#/projects/BBAAD840-13AA-4D2A-A481-583F595F2ECB/overview];[AAAA237B-0A83-4ECC-8311-13C9053C3679|https://www.familysearch.org/indexing/admin-new/#/projects/BBAAD840-13AA-4D2A-A481-583F595F2ECB/manage/AAAA237B-0A83-4ECC-8311-13C9053C3679/batches/list];READY_FOR_DELIVERY;
104910780;18-0127: Wisconsin, Wisconsin Vital Records Office, Birth Records, 1964-1980 - (Ancestry 47754) - FSI \\ 18-1425: Wisconsin, Wisconsin Vital Records Office, Birth Records, 1964-1980 - (ACOM, NED IMAGES, ROC ONLY) - FSI;[US, Wisconsin—Birth Records, 1964–1980|https://www.familysearch.org/indexing/admin-new/#/projects/BBAAD840-13AA-4D2A-A481-583F595F2ECB/overview] \\ [US, Wisconsin—Birth Records, Charge-Out Forms, 1964–1980 \[Part B\]|https://www.familysearch.org/indexing/admin-new/#/projects/D2FF9F8F-D129-4383-A197-A48C5E4B06D3/overview];In Production \\ In Production;[US, Wisconsin—Birth Records, 1964–1980|https://www.familysearch.org/indexing/admin-new/#/projects/BBAAD840-13AA-4D2A-A481-583F595F2ECB/overview];[6BAB9645-F367-4FD9-BDAF-F6FFFE7175A6|https://www.familysearch.org/indexing/admin-new/#/projects/BBAAD840-13AA-4D2A-A481-583F595F2ECB/manage/6BAB9645-F367-4FD9-BDAF-F6FFFE7175A6/batches/list];READY_FOR_DELIVERY;
104910781;18-0127: Wisconsin, Wisconsin Vital Records Office, Birth Records, 1964-1980 - (Ancestry 47754) - FSI \\ 18-1425: Wisconsin, Wisconsin Vital Records Office, Birth Records, 1964-1980 - (ACOM, NED IMAGES, ROC ONLY) - FSI;[US, Wisconsin—Birth Records, 1964–1980|https://www.familysearch.org/indexing/admin-new/#/projects/BBAAD840-13AA-4D2A-A481-583F595F2ECB/overview] \\ [US, Wisconsin—Birth Records, Charge-Out Forms, 1964–1980 \[Part B\]|https://www.familysearch.org/indexing/admin-new/#/projects/D2FF9F8F-D129-4383-A197-A48C5E4B06D3/overview];In Production \\ In Production;[US, Wisconsin—Birth Records, 1964–1980|https://www.familysearch.org/indexing/admin-new/#/projects/BBAAD840-13AA-4D2A-A481-583F595F2ECB/overview];[7DFB22A3-2A04-44D7-A40F-4C320649C831|https://www.familysearch.org/indexing/admin-new/#/projects/BBAAD840-13AA-4D2A-A481-583F595F2ECB/manage/7DFB22A3-2A04-44D7-A40F-4C320649C831/batches/list];READY_FOR_DELIVERY;
104910782;18-0127: Wisconsin, Wisconsin Vital Records Office, Birth Records, 1964-1980 - (Ancestry 47754) - FSI \\ 18-1425: Wisconsin, Wisconsin Vital Records Office, Birth Records, 1964-1980 - (ACOM, NED IMAGES, ROC ONLY) - FSI;[US, Wisconsin—Birth Records, 1964–1980|https://www.familysearch.org/indexing/admin-new/#/projects/BBAAD840-13AA-4D2A-A481-583F595F2ECB/overview] \\ [US, Wisconsin—Birth Records, Charge-Out Forms, 1964–1980 \[Part B\]|https://www.familysearch.org/indexing/admin-new/#/projects/D2FF9F8F-D129-4383-A197-A48C5E4B06D3/overview];In Production \\ In Production;[US, Wisconsin—Birth Records, 1964–1980|https://www.familysearch.org/indexing/admin-new/#/projects/BBAAD840-13AA-4D2A-A481-583F595F2ECB/overview];[40344165-8080-4DA6-8851-4D61D0C6DE41|https://www.familysearch.org/indexing/admin-new/#/projects/BBAAD840-13AA-4D2A-A481-583F595F2ECB/manage/40344165-8080-4DA6-8851-4D61D0C6DE41/batches/list];READY_FOR_DELIVERY;
104910783;18-0127: Wisconsin, Wisconsin Vital Records Office, Birth Records, 1964-1980 - (Ancestry 47754) - FSI \\ 18-1425: Wisconsin, Wisconsin Vital Records Office, Birth Records, 1964-1980 - (ACOM, NED IMAGES, ROC ONLY) - FSI;[US, Wisconsin—Birth Records, 1964–1980|https://www.familysearch.org/indexing/admin-new/#/projects/BBAAD840-13AA-4D2A-A481-583F595F2ECB/overview] \\ [US, Wisconsin—Birth Records, Charge-Out Forms, 1964–1980 \[Part B\]|https://www.familysearch.org/indexing/admin-new/#/projects/D2FF9F8F-D129-4383-A197-A48C5E4B06D3/overview];In Production \\ In Production;[US, Wisconsin—Birth Records, 1964–1980|https://www.familysearch.org/indexing/admin-new/#/projects/BBAAD840-13AA-4D2A-A481-583F595F2ECB/overview];[74156506-4ECB-4A61-809D-04A5B56057D3|https://www.familysearch.org/indexing/admin-new/#/projects/BBAAD840-13AA-4D2A-A481-583F595F2ECB/manage/74156506-4ECB-4A61-809D-04A5B56057D3/batches/list];READY_FOR_DELIVERY;
104910784;18-0127: Wisconsin, Wisconsin Vital Records Office, Birth Records, 1964-1980 - (Ancestry 47754) - FSI \\ 18-1425: Wisconsin, Wisconsin Vital Records Office, Birth Records, 1964-1980 - (ACOM, NED IMAGES, ROC ONLY) - FSI;[US, Wisconsin—Birth Records, 1964–1980|https://www.familysearch.org/indexing/admin-new/#/projects/BBAAD840-13AA-4D2A-A481-583F595F2ECB/overview] \\ [US, Wisconsin—Birth Records, Charge-Out Forms, 1964–1980 \[Part B\]|https://www.familysearch.org/indexing/admin-new/#/projects/D2FF9F8F-D129-4383-A197-A48C5E4B06D3/overview];In Production \\ In Production;[US, Wisconsin—Birth Records, 1964–1980|https://www.familysearch.org/indexing/admin-new/#/projects/BBAAD840-13AA-4D2A-A481-583F595F2ECB/overview];[7A6759F8-F486-41F2-B03A-5A789605B41C|https://www.familysearch.org/indexing/admin-new/#/projects/BBAAD840-13AA-4D2A-A481-583F595F2ECB/manage/7A6759F8-F486-41F2-B03A-5A789605B41C/batches/list];READY_FOR_DELIVERY;
104910785;18-0127: Wisconsin, Wisconsin Vital Records Office, Birth Records, 1964-1980 - (Ancestry 47754) - FSI \\ 18-1425: Wisconsin, Wisconsin Vital Records Office, Birth Records, 1964-1980 - (ACOM, NED IMAGES, ROC ONLY) - FSI;[US, Wisconsin—Birth Records, 1964–1980|https://www.familysearch.org/indexing/admin-new/#/projects/BBAAD840-13AA-4D2A-A481-583F595F2ECB/overview] \\ [US, Wisconsin—Birth Records, Charge-Out Forms, 1964–1980 \[Part B\]|https://www.familysearch.org/indexing/admin-new/#/projects/D2FF9F8F-D129-4383-A197-A48C5E4B06D3/overview];In Production \\ In Production;[US, Wisconsin—Birth Records, 1964–1980|https://www.familysearch.org/indexing/admin-new/#/projects/BBAAD840-13AA-4D2A-A481-583F595F2ECB/overview];[F64D9E68-217D-4577-BEAB-71B0200FBB2F|https://www.familysearch.org/indexing/admin-new/#/projects/BBAAD840-13AA-4D2A-A481-583F595F2ECB/manage/F64D9E68-217D-4577-BEAB-71B0200FBB2F/batches/list];READY_FOR_DELIVERY;
104910786;18-0127: Wisconsin, Wisconsin Vital Records Office, Birth Records, 1964-1980 - (Ancestry 47754) - FSI \\ 18-1425: Wisconsin, Wisconsin Vital Records Office, Birth Records, 1964-1980 - (ACOM, NED IMAGES, ROC ONLY) - FSI;[US, Wisconsin—Birth Records, 1964–1980|https://www.familysearch.org/indexing/admin-new/#/projects/BBAAD840-13AA-4D2A-A481-583F595F2ECB/overview] \\ [US, Wisconsin—Birth Records, Charge-Out Forms, 1964–1980 \[Part B\]|https://www.familysearch.org/indexing/admin-new/#/projects/D2FF9F8F-D129-4383-A197-A48C5E4B06D3/overview];In Production \\ In Production;[US, Wisconsin—Birth Records, 1964–1980|https://www.familysearch.org/indexing/admin-new/#/projects/BBAAD840-13AA-4D2A-A481-583F595F2ECB/overview];[7FE45D41-1CC4-4131-81E1-751A70D0E49F|https://www.familysearch.org/indexing/admin-new/#/projects/BBAAD840-13AA-4D2A-A481-583F595F2ECB/manage/7FE45D41-1CC4-4131-81E1-751A70D0E49F/batches/list];READY_FOR_DELIVERY;
104910787;18-0127: Wisconsin, Wisconsin Vital Records Office, Birth Records, 1964-1980 - (Ancestry 47754) - FSI \\ 18-1425: Wisconsin, Wisconsin Vital Records Office, Birth Records, 1964-1980 - (ACOM, NED IMAGES, ROC ONLY) - FSI;[US, Wisconsin—Birth Records, 1964–1980|https://www.familysearch.org/indexing/admin-new/#/projects/BBAAD840-13AA-4D2A-A481-583F595F2ECB/overview] \\ [US, Wisconsin—Birth Records, Charge-Out Forms, 1964–1980 \[Part B\]|https://www.familysearch.org/indexing/admin-new/#/projects/D2FF9F8F-D129-4383-A197-A48C5E4B06D3/overview];In Production \\ In Production;[US, Wisconsin—Birth Records, 1964–1980|https://www.familysearch.org/indexing/admin-new/#/projects/BBAAD840-13AA-4D2A-A481-583F595F2ECB/overview];[A1759766-32BD-4144-8734-F18B78058E29|https://www.familysearch.org/indexing/admin-new/#/projects/BBAAD840-13AA-4D2A-A481-583F595F2ECB/manage/A1759766-32BD-4144-8734-F18B78058E29/batches/list];READY_FOR_DELIVERY;
104910788;18-0127: Wisconsin, Wisconsin Vital Records Office, Birth Records, 1964-1980 - (Ancestry 47754) - FSI \\ 18-1425: Wisconsin, Wisconsin Vital Records Office, Birth Records, 1964-1980 - (ACOM, NED IMAGES, ROC ONLY) - FSI;[US, Wisconsin—Birth Records, 1964–1980|https://www.familysearch.org/indexing/admin-new/#/projects/BBAAD840-13AA-4D2A-A481-583F595F2ECB/overview] \\ [US, Wisconsin—Birth Records, Charge-Out Forms, 1964–1980 \[Part B\]|https://www.familysearch.org/indexing/admin-new/#/projects/D2FF9F8F-D129-4383-A197-A48C5E4B06D3/overview];In Production \\ In Production;[US, Wisconsin—Birth Records, 1964–1980|https://www.familysearch.org/indexing/admin-new/#/projects/BBAAD840-13AA-4D2A-A481-583F595F2ECB/overview];[CD4F905C-6AD7-4878-860A-4339E383823D|https://www.familysearch.org/indexing/admin-new/#/projects/BBAAD840-13AA-4D2A-A481-583F595F2ECB/manage/CD4F905C-6AD7-4878-860A-4339E383823D/batches/list];READY_FOR_DELIVERY;
104910789;18-0127: Wisconsin, Wisconsin Vital Records Office, Birth Records, 1964-1980 - (Ancestry 47754) - FSI \\ 18-1425: Wisconsin, Wisconsin Vital Records Office, Birth Records, 1964-1980 - (ACOM, NED IMAGES, ROC ONLY) - FSI;[US, Wisconsin—Birth Records, 1964–1980|https://www.familysearch.org/indexing/admin-new/#/projects/BBAAD840-13AA-4D2A-A481-583F595F2ECB/overview] \\ [US, Wisconsin—Birth Records, Charge-Out Forms, 1964–1980 \[Part B\]|https://www.familysearch.org/indexing/admin-new/#/projects/D2FF9F8F-D129-4383-A197-A48C5E4B06D3/overview];In Production \\ In Production;[US, Wisconsin—Birth Records, 1964–1980|https://www.familysearch.org/indexing/admin-new/#/projects/BBAAD840-13AA-4D2A-A481-583F595F2ECB/overview];[4A73624C-41BE-4D9B-8317-2C44BC6FD72F|https://www.familysearch.org/indexing/admin-new/#/projects/BBAAD840-13AA-4D2A-A481-583F595F2ECB/manage/4A73624C-41BE-4D9B-8317-2C44BC6FD72F/batches/list];READY_FOR_DELIVERY;
104910790;18-0127: Wisconsin, Wisconsin Vital Records Office, Birth Records, 1964-1980 - (Ancestry 47754) - FSI \\ 18-1425: Wisconsin, Wisconsin Vital Records Office, Birth Records, 1964-1980 - (ACOM, NED IMAGES, ROC ONLY) - FSI;[US, Wisconsin—Birth Records, 1964–1980|https://www.familysearch.org/indexing/admin-new/#/projects/BBAAD840-13AA-4D2A-A481-583F595F2ECB/overview] \\ [US, Wisconsin—Birth Records, Charge-Out Forms, 1964–1980 \[Part B\]|https://www.familysearch.org/indexing/admin-new/#/projects/D2FF9F8F-D129-4383-A197-A48C5E4B06D3/overview];In Production \\ In Production;[US, Wisconsin—Birth Records, 1964–1980|https://www.familysearch.org/indexing/admin-new/#/projects/BBAAD840-13AA-4D2A-A481-583F595F2ECB/overview];[95BF839E-BE0A-4532-97FB-3653394DAFA0|https://www.familysearch.org/indexing/admin-new/#/projects/BBAAD840-13AA-4D2A-A481-583F595F2ECB/manage/95BF839E-BE0A-4532-97FB-3653394DAFA0/batches/list];READY_FOR_DELIVERY;
104910791;18-0127: Wisconsin, Wisconsin Vital Records Office, Birth Records, 1964-1980 - (Ancestry 47754) - FSI \\ 18-1425: Wisconsin, Wisconsin Vital Records Office, Birth Records, 1964-1980 - (ACOM, NED IMAGES, ROC ONLY) - FSI;[US, Wisconsin—Birth Records, 1964–1980|https://www.familysearch.org/indexing/admin-new/#/projects/BBAAD840-13AA-4D2A-A481-583F595F2ECB/overview] \\ [US, Wisconsin—Birth Records, Charge-Out Forms, 1964–1980 \[Part B\]|https://www.familysearch.org/indexing/admin-new/#/projects/D2FF9F8F-D129-4383-A197-A48C5E4B06D3/overview];In Production \\ In Production;[US, Wisconsin—Birth Records, 1964–1980|https://www.familysearch.org/indexing/admin-new/#/projects/BBAAD840-13AA-4D2A-A481-583F595F2ECB/overview];[BC6F18FA-7576-424A-93F0-AF671EEBD1ED|https://www.familysearch.org/indexing/admin-new/#/projects/BBAAD840-13AA-4D2A-A481-583F595F2ECB/manage/BC6F18FA-7576-424A-93F0-AF671EEBD1ED/batches/list];READY_FOR_DELIVERY;
104910792;18-0127: Wisconsin, Wisconsin Vital Records Office, Birth Records, 1964-1980 - (Ancestry 47754) - FSI \\ 18-1425: Wisconsin, Wisconsin Vital Records Office, Birth Records, 1964-1980 - (ACOM, NED IMAGES, ROC ONLY) - FSI;[US, Wisconsin—Birth Records, 1964–1980|https://www.familysearch.org/indexing/admin-new/#/projects/BBAAD840-13AA-4D2A-A481-583F595F2ECB/overview] \\ [US, Wisconsin—Birth Records, Charge-Out Forms, 1964–1980 \[Part B\]|https://www.familysearch.org/indexing/admin-new/#/projects/D2FF9F8F-D129-4383-A197-A48C5E4B06D3/overview];In Production \\ In Production;[US, Wisconsin—Birth Records, 1964–1980|https://www.familysearch.org/indexing/admin-new/#/projects/BBAAD840-13AA-4D2A-A481-583F595F2ECB/overview];[511DB085-7DEF-4942-90FC-58D219AB7CB6|https://www.familysearch.org/indexing/admin-new/#/projects/BBAAD840-13AA-4D2A-A481-583F595F2ECB/manage/511DB085-7DEF-4942-90FC-58D219AB7CB6/batches/list];READY_FOR_DELIVERY;
104910793;18-0127: Wisconsin, Wisconsin Vital Records Office, Birth Records, 1964-1980 - (Ancestry 47754) - FSI \\ 18-1425: Wisconsin, Wisconsin Vital Records Office, Birth Records, 1964-1980 - (ACOM, NED IMAGES, ROC ONLY) - FSI;[US, Wisconsin—Birth Records, 1964–1980|https://www.familysearch.org/indexing/admin-new/#/projects/BBAAD840-13AA-4D2A-A481-583F595F2ECB/overview] \\ [US, Wisconsin—Birth Records, Charge-Out Forms, 1964–1980 \[Part B\]|https://www.familysearch.org/indexing/admin-new/#/projects/D2FF9F8F-D129-4383-A197-A48C5E4B06D3/overview];In Production \\ In Production;[US, Wisconsin—Birth Records, 1964–1980|https://www.familysearch.org/indexing/admin-new/#/projects/BBAAD840-13AA-4D2A-A481-583F595F2ECB/overview];[06A3A5B2-0649-4E8D-94BD-B90FE626C315|https://www.familysearch.org/indexing/admin-new/#/projects/BBAAD840-13AA-4D2A-A481-583F595F2ECB/manage/06A3A5B2-0649-4E8D-94BD-B90FE626C315/batches/list];READY_FOR_DELIVERY;
104910794;18-0127: Wisconsin, Wisconsin Vital Records Office, Birth Records, 1964-1980 - (Ancestry 47754) - FSI \\ 18-1425: Wisconsin, Wisconsin Vital Records Office, Birth Records, 1964-1980 - (ACOM, NED IMAGES, ROC ONLY) - FSI;[US, Wisconsin—Birth Records, 1964–1980|https://www.familysearch.org/indexing/admin-new/#/projects/BBAAD840-13AA-4D2A-A481-583F595F2ECB/overview] \\ [US, Wisconsin—Birth Records, Charge-Out Forms, 1964–1980 \[Part B\]|https://www.familysearch.org/indexing/admin-new/#/projects/D2FF9F8F-D129-4383-A197-A48C5E4B06D3/overview];In Production \\ In Production;[US, Wisconsin—Birth Records, 1964–1980|https://www.familysearch.org/indexing/admin-new/#/projects/BBAAD840-13AA-4D2A-A481-583F595F2ECB/overview];[8CD2468A-13A9-4278-BB9A-AA78B468B191|https://www.familysearch.org/indexing/admin-new/#/projects/BBAAD840-13AA-4D2A-A481-583F595F2ECB/manage/8CD2468A-13A9-4278-BB9A-AA78B468B191/batches/list];READY_FOR_DELIVERY;
104910795;18-0127: Wisconsin, Wisconsin Vital Records Office, Birth Records, 1964-1980 - (Ancestry 47754) - FSI \\ 18-1425: Wisconsin, Wisconsin Vital Records Office, Birth Records, 1964-1980 - (ACOM, NED IMAGES, ROC ONLY) - FSI;[US, Wisconsin—Birth Records, 1964–1980|https://www.familysearch.org/indexing/admin-new/#/projects/BBAAD840-13AA-4D2A-A481-583F595F2ECB/overview] \\ [US, Wisconsin—Birth Records, Charge-Out Forms, 1964–1980 \[Part B\]|https://www.familysearch.org/indexing/admin-new/#/projects/D2FF9F8F-D129-4383-A197-A48C5E4B06D3/overview];In Production \\ In Production;[US, Wisconsin—Birth Records, 1964–1980|https://www.familysearch.org/indexing/admin-new/#/projects/BBAAD840-13AA-4D2A-A481-583F595F2ECB/overview];[4FFD0F06-8CB4-48DA-BF84-AED55BE11521|https://www.familysearch.org/indexing/admin-new/#/projects/BBAAD840-13AA-4D2A-A481-583F595F2ECB/manage/4FFD0F06-8CB4-48DA-BF84-AED55BE11521/batches/list];READY_FOR_DELIVERY;
104910796;18-0127: Wisconsin, Wisconsin Vital Records Office, Birth Records, 1964-1980 - (Ancestry 47754) - FSI \\ 18-1425: Wisconsin, Wisconsin Vital Records Office, Birth Records, 1964-1980 - (ACOM, NED IMAGES, ROC ONLY) - FSI;[US, Wisconsin—Birth Records, 1964–1980|https://www.familysearch.org/indexing/admin-new/#/projects/BBAAD840-13AA-4D2A-A481-583F595F2ECB/overview] \\ [US, Wisconsin—Birth Records, Charge-Out Forms, 1964–1980 \[Part B\]|https://www.familysearch.org/indexing/admin-new/#/projects/D2FF9F8F-D129-4383-A197-A48C5E4B06D3/overview];In Production \\ In Production;[US, Wisconsin—Birth Records, 1964–1980|https://www.familysearch.org/indexing/admin-new/#/projects/BBAAD840-13AA-4D2A-A481-583F595F2ECB/overview];[0772C238-A911-47FC-99FB-2E133CE8B105|https://www.familysearch.org/indexing/admin-new/#/projects/BBAAD840-13AA-4D2A-A481-583F595F2ECB/manage/0772C238-A911-47FC-99FB-2E133CE8B105/batches/list];READY_FOR_DELIVERY;
104910797;18-0127: Wisconsin, Wisconsin Vital Records Office, Birth Records, 1964-1980 - (Ancestry 47754) - FSI \\ 18-1425: Wisconsin, Wisconsin Vital Records Office, Birth Records, 1964-1980 - (ACOM, NED IMAGES, ROC ONLY) - FSI;[US, Wisconsin—Birth Records, 1964–1980|https://www.familysearch.org/indexing/admin-new/#/projects/BBAAD840-13AA-4D2A-A481-583F595F2ECB/overview] \\ [US, Wisconsin—Birth Records, Charge-Out Forms, 1964–1980 \[Part B\]|https://www.familysearch.org/indexing/admin-new/#/projects/D2FF9F8F-D129-4383-A197-A48C5E4B06D3/overview];In Production \\ In Production;[US, Wisconsin—Birth Records, 1964–1980|https://www.familysearch.org/indexing/admin-new/#/projects/BBAAD840-13AA-4D2A-A481-583F595F2ECB/overview];[1EDB48BC-0247-4510-868F-41C63D1DCBE7|https://www.familysearch.org/indexing/admin-new/#/projects/BBAAD840-13AA-4D2A-A481-583F595F2ECB/manage/1EDB48BC-0247-4510-868F-41C63D1DCBE7/batches/list];READY_FOR_DELIVERY;
104910798;18-0127: Wisconsin, Wisconsin Vital Records Office, Birth Records, 1964-1980 - (Ancestry 47754) - FSI \\ 18-1425: Wisconsin, Wisconsin Vital Records Office, Birth Records, 1964-1980 - (ACOM, NED IMAGES, ROC ONLY) - FSI;[US, Wisconsin—Birth Records, 1964–1980|https://www.familysearch.org/indexing/admin-new/#/projects/BBAAD840-13AA-4D2A-A481-583F595F2ECB/overview] \\ [US, Wisconsin—Birth Records, Charge-Out Forms, 1964–1980 \[Part B\]|https://www.familysearch.org/indexing/admin-new/#/projects/D2FF9F8F-D129-4383-A197-A48C5E4B06D3/overview];In Production \\ In Production;[US, Wisconsin—Birth Records, 1964–1980|https://www.familysearch.org/indexing/admin-new/#/projects/BBAAD840-13AA-4D2A-A481-583F595F2ECB/overview];[70A45D54-ACBD-4399-BA59-2D83F95D86E8|https://www.familysearch.org/indexing/admin-new/#/projects/BBAAD840-13AA-4D2A-A481-583F595F2ECB/manage/70A45D54-ACBD-4399-BA59-2D83F95D86E8/batches/list];READY_FOR_DELIVERY;
104910799;18-0127: Wisconsin, Wisconsin Vital Records Office, Birth Records, 1964-1980 - (Ancestry 47754) - FSI \\ 18-1425: Wisconsin, Wisconsin Vital Records Office, Birth Records, 1964-1980 - (ACOM, NED IMAGES, ROC ONLY) - FSI;[US, Wisconsin—Birth Records, 1964–1980|https://www.familysearch.org/indexing/admin-new/#/projects/BBAAD840-13AA-4D2A-A481-583F595F2ECB/overview] \\ [US, Wisconsin—Birth Records, Charge-Out Forms, 1964–1980 \[Part B\]|https://www.familysearch.org/indexing/admin-new/#/projects/D2FF9F8F-D129-4383-A197-A48C5E4B06D3/overview];In Production \\ In Production;[US, Wisconsin—Birth Records, 1964–1980|https://www.familysearch.org/indexing/admin-new/#/projects/BBAAD840-13AA-4D2A-A481-583F595F2ECB/overview];[29AEBF71-B82B-486A-925A-D5785D636EED|https://www.familysearch.org/indexing/admin-new/#/projects/BBAAD840-13AA-4D2A-A481-583F595F2ECB/manage/29AEBF71-B82B-486A-925A-D5785D636EED/batches/list];READY_FOR_DELIVERY;
104910800;18-0127: Wisconsin, Wisconsin Vital Records Office, Birth Records, 1964-1980 - (Ancestry 47754) - FSI \\ 18-1425: Wisconsin, Wisconsin Vital Records Office, Birth Records, 1964-1980 - (ACOM, NED IMAGES, ROC ONLY) - FSI;[US, Wisconsin—Birth Records, 1964–1980|https://www.familysearch.org/indexing/admin-new/#/projects/BBAAD840-13AA-4D2A-A481-583F595F2ECB/overview] \\ [US, Wisconsin—Birth Records, Charge-Out Forms, 1964–1980 \[Part B\]|https://www.familysearch.org/indexing/admin-new/#/projects/D2FF9F8F-D129-4383-A197-A48C5E4B06D3/overview];In Production \\ In Production;[US, Wisconsin—Birth Records, 1964–1980|https://www.familysearch.org/indexing/admin-new/#/projects/BBAAD840-13AA-4D2A-A481-583F595F2ECB/overview];[8184E76C-2D22-4D5A-AF13-A5197FB7BDE3|https://www.familysearch.org/indexing/admin-new/#/projects/BBAAD840-13AA-4D2A-A481-583F595F2ECB/manage/8184E76C-2D22-4D5A-AF13-A5197FB7BDE3/batches/list];READY_FOR_DELIVERY;
104910801;18-0127: Wisconsin, Wisconsin Vital Records Office, Birth Records, 1964-1980 - (Ancestry 47754) - FSI \\ 18-1425: Wisconsin, Wisconsin Vital Records Office, Birth Records, 1964-1980 - (ACOM, NED IMAGES, ROC ONLY) - FSI;[US, Wisconsin—Birth Records, 1964–1980|https://www.familysearch.org/indexing/admin-new/#/projects/BBAAD840-13AA-4D2A-A481-583F595F2ECB/overview] \\ [US, Wisconsin—Birth Records, Charge-Out Forms, 1964–1980 \[Part B\]|https://www.familysearch.org/indexing/admin-new/#/projects/D2FF9F8F-D129-4383-A197-A48C5E4B06D3/overview];In Production \\ In Production;[US, Wisconsin—Birth Records, 1964–1980|https://www.familysearch.org/indexing/admin-new/#/projects/BBAAD840-13AA-4D2A-A481-583F595F2ECB/overview];[C361925B-55A8-4E82-82E3-8C77D5695ED3|https://www.familysearch.org/indexing/admin-new/#/projects/BBAAD840-13AA-4D2A-A481-583F595F2ECB/manage/C361925B-55A8-4E82-82E3-8C77D5695ED3/batches/list];READY_FOR_DELIVERY;
104910802;18-0127: Wisconsin, Wisconsin Vital Records Office, Birth Records, 1964-1980 - (Ancestry 47754) - FSI \\ 18-1425: Wisconsin, Wisconsin Vital Records Office, Birth Records, 1964-1980 - (ACOM, NED IMAGES, ROC ONLY) - FSI;[US, Wisconsin—Birth Records, 1964–1980|https://www.familysearch.org/indexing/admin-new/#/projects/BBAAD840-13AA-4D2A-A481-583F595F2ECB/overview] \\ [US, Wisconsin—Birth Records, Charge-Out Forms, 1964–1980 \[Part B\]|https://www.familysearch.org/indexing/admin-new/#/projects/D2FF9F8F-D129-4383-A197-A48C5E4B06D3/overview];In Production \\ In Production;[US, Wisconsin—Birth Records, 1964–1980|https://www.familysearch.org/indexing/admin-new/#/projects/BBAAD840-13AA-4D2A-A481-583F595F2ECB/overview];[615635B7-F367-4DCB-9E2F-F333EE337400|https://www.familysearch.org/indexing/admin-new/#/projects/BBAAD840-13AA-4D2A-A481-583F595F2ECB/manage/615635B7-F367-4DCB-9E2F-F333EE337400/batches/list];READY_FOR_DELIVERY;
104910803;18-0127: Wisconsin, Wisconsin Vital Records Office, Birth Records, 1964-1980 - (Ancestry 47754) - FSI \\ 18-1425: Wisconsin, Wisconsin Vital Records Office, Birth Records, 1964-1980 - (ACOM, NED IMAGES, ROC ONLY) - FSI;[US, Wisconsin—Birth Records, 1964–1980|https://www.familysearch.org/indexing/admin-new/#/projects/BBAAD840-13AA-4D2A-A481-583F595F2ECB/overview] \\ [US, Wisconsin—Birth Records, Charge-Out Forms, 1964–1980 \[Part B\]|https://www.familysearch.org/indexing/admin-new/#/projects/D2FF9F8F-D129-4383-A197-A48C5E4B06D3/overview];In Production \\ In Production;[US, Wisconsin—Birth Records, 1964–1980|https://www.familysearch.org/indexing/admin-new/#/projects/BBAAD840-13AA-4D2A-A481-583F595F2ECB/overview];[A2363B20-8FB1-400E-8752-15971811041E|https://www.familysearch.org/indexing/admin-new/#/projects/BBAAD840-13AA-4D2A-A481-583F595F2ECB/manage/A2363B20-8FB1-400E-8752-15971811041E/batches/list];READY_FOR_DELIVERY;
104910804;18-0127: Wisconsin, Wisconsin Vital Records Office, Birth Records, 1964-1980 - (Ancestry 47754) - FSI \\ 18-1425: Wisconsin, Wisconsin Vital Records Office, Birth Records, 1964-1980 - (ACOM, NED IMAGES, ROC ONLY) - FSI;[US, Wisconsin—Birth Records, 1964–1980|https://www.familysearch.org/indexing/admin-new/#/projects/BBAAD840-13AA-4D2A-A481-583F595F2ECB/overview] \\ [US, Wisconsin—Birth Records, Charge-Out Forms, 1964–1980 \[Part B\]|https://www.familysearch.org/indexing/admin-new/#/projects/D2FF9F8F-D129-4383-A197-A48C5E4B06D3/overview];In Production \\ In Production;[US, Wisconsin—Birth Records, 1964–1980|https://www.familysearch.org/indexing/admin-new/#/projects/BBAAD840-13AA-4D2A-A481-583F595F2ECB/overview];[9F78ACEE-BAB9-49FA-8A89-D9C47A8B6325|https://www.familysearch.org/indexing/admin-new/#/projects/BBAAD840-13AA-4D2A-A481-583F595F2ECB/manage/9F78ACEE-BAB9-49FA-8A89-D9C47A8B6325/batches/list];READY_FOR_DELIVERY;
104910805;18-0127: Wisconsin, Wisconsin Vital Records Office, Birth Records, 1964-1980 - (Ancestry 47754) - FSI \\ 18-1425: Wisconsin, Wisconsin Vital Records Office, Birth Records, 1964-1980 - (ACOM, NED IMAGES, ROC ONLY) - FSI;[US, Wisconsin—Birth Records, 1964–1980|https://www.familysearch.org/indexing/admin-new/#/projects/BBAAD840-13AA-4D2A-A481-583F595F2ECB/overview] \\ [US, Wisconsin—Birth Records, Charge-Out Forms, 1964–1980 \[Part B\]|https://www.familysearch.org/indexing/admin-new/#/projects/D2FF9F8F-D129-4383-A197-A48C5E4B06D3/overview];In Production \\ In Production;[US, Wisconsin—Birth Records, 1964–1980|https://www.familysearch.org/indexing/admin-new/#/projects/BBAAD840-13AA-4D2A-A481-583F595F2ECB/overview];[EA58EF4C-C738-4E13-8DE1-615B868BF209|https://www.familysearch.org/indexing/admin-new/#/projects/BBAAD840-13AA-4D2A-A481-583F595F2ECB/manage/EA58EF4C-C738-4E13-8DE1-615B868BF209/batches/list];READY_FOR_DELIVERY;
104910806;18-0127: Wisconsin, Wisconsin Vital Records Office, Birth Records, 1964-1980 - (Ancestry 47754) - FSI \\ 18-1425: Wisconsin, Wisconsin Vital Records Office, Birth Records, 1964-1980 - (ACOM, NED IMAGES, ROC ONLY) - FSI;[US, Wisconsin—Birth Records, 1964–1980|https://www.familysearch.org/indexing/admin-new/#/projects/BBAAD840-13AA-4D2A-A481-583F595F2ECB/overview] \\ [US, Wisconsin—Birth Records, Charge-Out Forms, 1964–1980 \[Part B\]|https://www.familysearch.org/indexing/admin-new/#/projects/D2FF9F8F-D129-4383-A197-A48C5E4B06D3/overview];In Production \\ In Production;[US, Wisconsin—Birth Records, 1964–1980|https://www.familysearch.org/indexing/admin-new/#/projects/BBAAD840-13AA-4D2A-A481-583F595F2ECB/overview];[3F862F4A-3B2D-440A-9980-510F3D2C8DEB|https://www.familysearch.org/indexing/admin-new/#/projects/BBAAD840-13AA-4D2A-A481-583F595F2ECB/manage/3F862F4A-3B2D-440A-9980-510F3D2C8DEB/batches/list];READY_FOR_DELIVERY;
104910807;18-0127: Wisconsin, Wisconsin Vital Records Office, Birth Records, 1964-1980 - (Ancestry 47754) - FSI \\ 18-1425: Wisconsin, Wisconsin Vital Records Office, Birth Records, 1964-1980 - (ACOM, NED IMAGES, ROC ONLY) - FSI;[US, Wisconsin—Birth Records, 1964–1980|https://www.familysearch.org/indexing/admin-new/#/projects/BBAAD840-13AA-4D2A-A481-583F595F2ECB/overview] \\ [US, Wisconsin—Birth Records, Charge-Out Forms, 1964–1980 \[Part B\]|https://www.familysearch.org/indexing/admin-new/#/projects/D2FF9F8F-D129-4383-A197-A48C5E4B06D3/overview];In Production \\ In Production;[US, Wisconsin—Birth Records, 1964–1980|https://www.familysearch.org/indexing/admin-new/#/projects/BBAAD840-13AA-4D2A-A481-583F595F2ECB/overview];[4C44202A-3855-4B01-BCF4-0ECF0A13DB37|https://www.familysearch.org/indexing/admin-new/#/projects/BBAAD840-13AA-4D2A-A481-583F595F2ECB/manage/4C44202A-3855-4B01-BCF4-0ECF0A13DB37/batches/list];READY_FOR_DELIVERY;
104910808;18-0127: Wisconsin, Wisconsin Vital Records Office, Birth Records, 1964-1980 - (Ancestry 47754) - FSI \\ 18-1425: Wisconsin, Wisconsin Vital Records Office, Birth Records, 1964-1980 - (ACOM, NED IMAGES, ROC ONLY) - FSI;[US, Wisconsin—Birth Records, 1964–1980|https://www.familysearch.org/indexing/admin-new/#/projects/BBAAD840-13AA-4D2A-A481-583F595F2ECB/overview] \\ [US, Wisconsin—Birth Records, Charge-Out Forms, 1964–1980 \[Part B\]|https://www.familysearch.org/indexing/admin-new/#/projects/D2FF9F8F-D129-4383-A197-A48C5E4B06D3/overview];In Production \\ In Production;[US, Wisconsin—Birth Records, 1964–1980|https://www.familysearch.org/indexing/admin-new/#/projects/BBAAD840-13AA-4D2A-A481-583F595F2ECB/overview];[2AE142B3-FD44-4247-96B5-2A5D51C19314|https://www.familysearch.org/indexing/admin-new/#/projects/BBAAD840-13AA-4D2A-A481-583F595F2ECB/manage/2AE142B3-FD44-4247-96B5-2A5D51C19314/batches/list];READY_FOR_DELIVERY;
104910809;18-0127: Wisconsin, Wisconsin Vital Records Office, Birth Records, 1964-1980 - (Ancestry 47754) - FSI \\ 18-1425: Wisconsin, Wisconsin Vital Records Office, Birth Records, 1964-1980 - (ACOM, NED IMAGES, ROC ONLY) - FSI;[US, Wisconsin—Birth Records, 1964–1980|https://www.familysearch.org/indexing/admin-new/#/projects/BBAAD840-13AA-4D2A-A481-583F595F2ECB/overview] \\ [US, Wisconsin—Birth Records, Charge-Out Forms, 1964–1980 \[Part B\]|https://www.familysearch.org/indexing/admin-new/#/projects/D2FF9F8F-D129-4383-A197-A48C5E4B06D3/overview];In Production \\ In Production;[US, Wisconsin—Birth Records, 1964–1980|https://www.familysearch.org/indexing/admin-new/#/projects/BBAAD840-13AA-4D2A-A481-583F595F2ECB/overview];[7B6567A9-F57B-4016-95C6-9BF4C1F10ACA|https://www.familysearch.org/indexing/admin-new/#/projects/BBAAD840-13AA-4D2A-A481-583F595F2ECB/manage/7B6567A9-F57B-4016-95C6-9BF4C1F10ACA/batches/list];READY_FOR_DELIVERY;
104910810;18-0127: Wisconsin, Wisconsin Vital Records Office, Birth Records, 1964-1980 - (Ancestry 47754) - FSI \\ 18-1425: Wisconsin, Wisconsin Vital Records Office, Birth Records, 1964-1980 - (ACOM, NED IMAGES, ROC ONLY) - FSI;[US, Wisconsin—Birth Records, 1964–1980|https://www.familysearch.org/indexing/admin-new/#/projects/BBAAD840-13AA-4D2A-A481-583F595F2ECB/overview] \\ [US, Wisconsin—Birth Records, Charge-Out Forms, 1964–1980 \[Part B\]|https://www.familysearch.org/indexing/admin-new/#/projects/D2FF9F8F-D129-4383-A197-A48C5E4B06D3/overview];In Production \\ In Production;[US, Wisconsin—Birth Records, 1964–1980|https://www.familysearch.org/indexing/admin-new/#/projects/BBAAD840-13AA-4D2A-A481-583F595F2ECB/overview];[6BB3A046-96F0-4A39-84CA-50CEB6A43133|https://www.familysearch.org/indexing/admin-new/#/projects/BBAAD840-13AA-4D2A-A481-583F595F2ECB/manage/6BB3A046-96F0-4A39-84CA-50CEB6A43133/batches/list];READY_FOR_DELIVERY;
104910811;18-0127: Wisconsin, Wisconsin Vital Records Office, Birth Records, 1964-1980 - (Ancestry 47754) - FSI \\ 18-1425: Wisconsin, Wisconsin Vital Records Office, Birth Records, 1964-1980 - (ACOM, NED IMAGES, ROC ONLY) - FSI;[US, Wisconsin—Birth Records, 1964–1980|https://www.familysearch.org/indexing/admin-new/#/projects/BBAAD840-13AA-4D2A-A481-583F595F2ECB/overview] \\ [US, Wisconsin—Birth Records, Charge-Out Forms, 1964–1980 \[Part B\]|https://www.familysearch.org/indexing/admin-new/#/projects/D2FF9F8F-D129-4383-A197-A48C5E4B06D3/overview];In Production \\ In Production;[US, Wisconsin—Birth Records, 1964–1980|https://www.familysearch.org/indexing/admin-new/#/projects/BBAAD840-13AA-4D2A-A481-583F595F2ECB/overview];[1B7FD6CA-257B-4F5F-BC06-CECD55535E5A|https://www.familysearch.org/indexing/admin-new/#/projects/BBAAD840-13AA-4D2A-A481-583F595F2ECB/manage/1B7FD6CA-257B-4F5F-BC06-CECD55535E5A/batches/list];READY_FOR_DELIVERY;
104910812;18-0127: Wisconsin, Wisconsin Vital Records Office, Birth Records, 1964-1980 - (Ancestry 47754) - FSI \\ 18-1425: Wisconsin, Wisconsin Vital Records Office, Birth Records, 1964-1980 - (ACOM, NED IMAGES, ROC ONLY) - FSI;[US, Wisconsin—Birth Records, 1964–1980|https://www.familysearch.org/indexing/admin-new/#/projects/BBAAD840-13AA-4D2A-A481-583F595F2ECB/overview] \\ [US, Wisconsin—Birth Records, Charge-Out Forms, 1964–1980 \[Part B\]|https://www.familysearch.org/indexing/admin-new/#/projects/D2FF9F8F-D129-4383-A197-A48C5E4B06D3/overview];In Production \\ In Production;[US, Wisconsin—Birth Records, 1964–1980|https://www.familysearch.org/indexing/admin-new/#/projects/BBAAD840-13AA-4D2A-A481-583F595F2ECB/overview];[13A34B66-28AA-4937-B7FF-9873C6DCF865|https://www.familysearch.org/indexing/admin-new/#/projects/BBAAD840-13AA-4D2A-A481-583F595F2ECB/manage/13A34B66-28AA-4937-B7FF-9873C6DCF865/batches/list];READY_FOR_DELIVERY;
104910813;18-0127: Wisconsin, Wisconsin Vital Records Office, Birth Records, 1964-1980 - (Ancestry 47754) - FSI \\ 18-1425: Wisconsin, Wisconsin Vital Records Office, Birth Records, 1964-1980 - (ACOM, NED IMAGES, ROC ONLY) - FSI;[US, Wisconsin—Birth Records, 1964–1980|https://www.familysearch.org/indexing/admin-new/#/projects/BBAAD840-13AA-4D2A-A481-583F595F2ECB/overview] \\ [US, Wisconsin—Birth Records, Charge-Out Forms, 1964–1980 \[Part B\]|https://www.familysearch.org/indexing/admin-new/#/projects/D2FF9F8F-D129-4383-A197-A48C5E4B06D3/overview];In Production \\ In Production;[US, Wisconsin—Birth Records, 1964–1980|https://www.familysearch.org/indexing/admin-new/#/projects/BBAAD840-13AA-4D2A-A481-583F595F2ECB/overview];[D91BFF8C-0589-4AC1-B0BF-B74E7E1D04B6|https://www.familysearch.org/indexing/admin-new/#/projects/BBAAD840-13AA-4D2A-A481-583F595F2ECB/manage/D91BFF8C-0589-4AC1-B0BF-B74E7E1D04B6/batches/list];READY_FOR_DELIVERY;
104910814;18-0127: Wisconsin, Wisconsin Vital Records Office, Birth Records, 1964-1980 - (Ancestry 47754) - FSI \\ 18-1425: Wisconsin, Wisconsin Vital Records Office, Birth Records, 1964-1980 - (ACOM, NED IMAGES, ROC ONLY) - FSI;[US, Wisconsin—Birth Records, 1964–1980|https://www.familysearch.org/indexing/admin-new/#/projects/BBAAD840-13AA-4D2A-A481-583F595F2ECB/overview] \\ [US, Wisconsin—Birth Records, Charge-Out Forms, 1964–1980 \[Part B\]|https://www.familysearch.org/indexing/admin-new/#/projects/D2FF9F8F-D129-4383-A197-A48C5E4B06D3/overview];In Production \\ In Production;[US, Wisconsin—Birth Records, 1964–1980|https://www.familysearch.org/indexing/admin-new/#/projects/BBAAD840-13AA-4D2A-A481-583F595F2ECB/overview];[D16C2120-18AD-4A1C-9E7D-6656877D77B7|https://www.familysearch.org/indexing/admin-new/#/projects/BBAAD840-13AA-4D2A-A481-583F595F2ECB/manage/D16C2120-18AD-4A1C-9E7D-6656877D77B7/batches/list];READY_FOR_DELIVERY;
104910815;18-0127: Wisconsin, Wisconsin Vital Records Office, Birth Records, 1964-1980 - (Ancestry 47754) - FSI \\ 18-1425: Wisconsin, Wisconsin Vital Records Office, Birth Records, 1964-1980 - (ACOM, NED IMAGES, ROC ONLY) - FSI;[US, Wisconsin—Birth Records, 1964–1980|https://www.familysearch.org/indexing/admin-new/#/projects/BBAAD840-13AA-4D2A-A481-583F595F2ECB/overview] \\ [US, Wisconsin—Birth Records, Charge-Out Forms, 1964–1980 \[Part B\]|https://www.familysearch.org/indexing/admin-new/#/projects/D2FF9F8F-D129-4383-A197-A48C5E4B06D3/overview];In Production \\ In Production;[US, Wisconsin—Birth Records, 1964–1980|https://www.familysearch.org/indexing/admin-new/#/projects/BBAAD840-13AA-4D2A-A481-583F595F2ECB/overview];[7A5B6866-EFFB-4429-92CC-E01BB436B52E|https://www.familysearch.org/indexing/admin-new/#/projects/BBAAD840-13AA-4D2A-A481-583F595F2ECB/manage/7A5B6866-EFFB-4429-92CC-E01BB436B52E/batches/list];READY_FOR_DELIVERY;
104910816;18-0127: Wisconsin, Wisconsin Vital Records Office, Birth Records, 1964-1980 - (Ancestry 47754) - FSI \\ 18-1425: Wisconsin, Wisconsin Vital Records Office, Birth Records, 1964-1980 - (ACOM, NED IMAGES, ROC ONLY) - FSI;[US, Wisconsin—Birth Records, 1964–1980|https://www.familysearch.org/indexing/admin-new/#/projects/BBAAD840-13AA-4D2A-A481-583F595F2ECB/overview] \\ [US, Wisconsin—Birth Records, Charge-Out Forms, 1964–1980 \[Part B\]|https://www.familysearch.org/indexing/admin-new/#/projects/D2FF9F8F-D129-4383-A197-A48C5E4B06D3/overview];In Production \\ In Production;[US, Wisconsin—Birth Records, 1964–1980|https://www.familysearch.org/indexing/admin-new/#/projects/BBAAD840-13AA-4D2A-A481-583F595F2ECB/overview];[65494766-BA01-479A-AF8F-4F1C502E0186|https://www.familysearch.org/indexing/admin-new/#/projects/BBAAD840-13AA-4D2A-A481-583F595F2ECB/manage/65494766-BA01-479A-AF8F-4F1C502E0186/batches/list];READY_FOR_DELIVERY;
104910817;18-0127: Wisconsin, Wisconsin Vital Records Office, Birth Records, 1964-1980 - (Ancestry 47754) - FSI \\ 18-1425: Wisconsin, Wisconsin Vital Records Office, Birth Records, 1964-1980 - (ACOM, NED IMAGES, ROC ONLY) - FSI;[US, Wisconsin—Birth Records, 1964–1980|https://www.familysearch.org/indexing/admin-new/#/projects/BBAAD840-13AA-4D2A-A481-583F595F2ECB/overview] \\ [US, Wisconsin—Birth Records, Charge-Out Forms, 1964–1980 \[Part B\]|https://www.familysearch.org/indexing/admin-new/#/projects/D2FF9F8F-D129-4383-A197-A48C5E4B06D3/overview];In Production \\ In Production;[US, Wisconsin—Birth Records, 1964–1980|https://www.familysearch.org/indexing/admin-new/#/projects/BBAAD840-13AA-4D2A-A481-583F595F2ECB/overview];[3FA1FF6B-4609-485D-A993-C5043F3C4EB7|https://www.familysearch.org/indexing/admin-new/#/projects/BBAAD840-13AA-4D2A-A481-583F595F2ECB/manage/3FA1FF6B-4609-485D-A993-C5043F3C4EB7/batches/list];READY_FOR_DELIVERY;
104910818;18-0127: Wisconsin, Wisconsin Vital Records Office, Birth Records, 1964-1980 - (Ancestry 47754) - FSI \\ 18-1425: Wisconsin, Wisconsin Vital Records Office, Birth Records, 1964-1980 - (ACOM, NED IMAGES, ROC ONLY) - FSI;[US, Wisconsin—Birth Records, 1964–1980|https://www.familysearch.org/indexing/admin-new/#/projects/BBAAD840-13AA-4D2A-A481-583F595F2ECB/overview] \\ [US, Wisconsin—Birth Records, Charge-Out Forms, 1964–1980 \[Part B\]|https://www.familysearch.org/indexing/admin-new/#/projects/D2FF9F8F-D129-4383-A197-A48C5E4B06D3/overview];In Production \\ In Production;[US, Wisconsin—Birth Records, 1964–1980|https://www.familysearch.org/indexing/admin-new/#/projects/BBAAD840-13AA-4D2A-A481-583F595F2ECB/overview];[339E7B1D-BD27-4419-9422-83E677CBF385|https://www.familysearch.org/indexing/admin-new/#/projects/BBAAD840-13AA-4D2A-A481-583F595F2ECB/manage/339E7B1D-BD27-4419-9422-83E677CBF385/batches/list];READY_FOR_DELIVERY;
104910819;18-0127: Wisconsin, Wisconsin Vital Records Office, Birth Records, 1964-1980 - (Ancestry 47754) - FSI \\ 18-1425: Wisconsin, Wisconsin Vital Records Office, Birth Records, 1964-1980 - (ACOM, NED IMAGES, ROC ONLY) - FSI;[US, Wisconsin—Birth Records, 1964–1980|https://www.familysearch.org/indexing/admin-new/#/projects/BBAAD840-13AA-4D2A-A481-583F595F2ECB/overview] \\ [US, Wisconsin—Birth Records, Charge-Out Forms, 1964–1980 \[Part B\]|https://www.familysearch.org/indexing/admin-new/#/projects/D2FF9F8F-D129-4383-A197-A48C5E4B06D3/overview];In Production \\ In Production;[US, Wisconsin—Birth Records, 1964–1980|https://www.familysearch.org/indexing/admin-new/#/projects/BBAAD840-13AA-4D2A-A481-583F595F2ECB/overview];[FC60FD33-AE8A-490B-8D17-1333B7D2DE53|https://www.familysearch.org/indexing/admin-new/#/projects/BBAAD840-13AA-4D2A-A481-583F595F2ECB/manage/FC60FD33-AE8A-490B-8D17-1333B7D2DE53/batches/list];READY_FOR_DELIVERY;
104910820;18-0127: Wisconsin, Wisconsin Vital Records Office, Birth Records, 1964-1980 - (Ancestry 47754) - FSI \\ 18-1425: Wisconsin, Wisconsin Vital Records Office, Birth Records, 1964-1980 - (ACOM, NED IMAGES, ROC ONLY) - FSI;[US, Wisconsin—Birth Records, 1964–1980|https://www.familysearch.org/indexing/admin-new/#/projects/BBAAD840-13AA-4D2A-A481-583F595F2ECB/overview] \\ [US, Wisconsin—Birth Records, Charge-Out Forms, 1964–1980 \[Part B\]|https://www.familysearch.org/indexing/admin-new/#/projects/D2FF9F8F-D129-4383-A197-A48C5E4B06D3/overview];In Production \\ In Production;[US, Wisconsin—Birth Records, 1964–1980|https://www.familysearch.org/indexing/admin-new/#/projects/BBAAD840-13AA-4D2A-A481-583F595F2ECB/overview];[47CF9CA8-9EC0-4697-9991-2E62CD4C0A33|https://www.familysearch.org/indexing/admin-new/#/projects/BBAAD840-13AA-4D2A-A481-583F595F2ECB/manage/47CF9CA8-9EC0-4697-9991-2E62CD4C0A33/batches/list];READY_FOR_DELIVERY;
104910821;18-0127: Wisconsin, Wisconsin Vital Records Office, Birth Records, 1964-1980 - (Ancestry 47754) - FSI \\ 18-1425: Wisconsin, Wisconsin Vital Records Office, Birth Records, 1964-1980 - (ACOM, NED IMAGES, ROC ONLY) - FSI;[US, Wisconsin—Birth Records, 1964–1980|https://www.familysearch.org/indexing/admin-new/#/projects/BBAAD840-13AA-4D2A-A481-583F595F2ECB/overview] \\ [US, Wisconsin—Birth Records, Charge-Out Forms, 1964–1980 \[Part B\]|https://www.familysearch.org/indexing/admin-new/#/projects/D2FF9F8F-D129-4383-A197-A48C5E4B06D3/overview];In Production \\ In Production;[US, Wisconsin—Birth Records, 1964–1980|https://www.familysearch.org/indexing/admin-new/#/projects/BBAAD840-13AA-4D2A-A481-583F595F2ECB/overview];[C207E1B7-788D-4665-A1C4-C3C94E610B95|https://www.familysearch.org/indexing/admin-new/#/projects/BBAAD840-13AA-4D2A-A481-583F595F2ECB/manage/C207E1B7-788D-4665-A1C4-C3C94E610B95/batches/list];READY_FOR_DELIVERY;
104910822;18-0127: Wisconsin, Wisconsin Vital Records Office, Birth Records, 1964-1980 - (Ancestry 47754) - FSI \\ 18-1425: Wisconsin, Wisconsin Vital Records Office, Birth Records, 1964-1980 - (ACOM, NED IMAGES, ROC ONLY) - FSI;[US, Wisconsin—Birth Records, 1964–1980|https://www.familysearch.org/indexing/admin-new/#/projects/BBAAD840-13AA-4D2A-A481-583F595F2ECB/overview] \\ [US, Wisconsin—Birth Records, Charge-Out Forms, 1964–1980 \[Part B\]|https://www.familysearch.org/indexing/admin-new/#/projects/D2FF9F8F-D129-4383-A197-A48C5E4B06D3/overview];In Production \\ In Production;[US, Wisconsin—Birth Records, 1964–1980|https://www.familysearch.org/indexing/admin-new/#/projects/BBAAD840-13AA-4D2A-A481-583F595F2ECB/overview];[2C4065D8-CE39-4087-BAAD-DBE7420BC972|https://www.familysearch.org/indexing/admin-new/#/projects/BBAAD840-13AA-4D2A-A481-583F595F2ECB/manage/2C4065D8-CE39-4087-BAAD-DBE7420BC972/batches/list];READY_FOR_DELIVERY;
104910823;18-0127: Wisconsin, Wisconsin Vital Records Office, Birth Records, 1964-1980 - (Ancestry 47754) - FSI \\ 18-1425: Wisconsin, Wisconsin Vital Records Office, Birth Records, 1964-1980 - (ACOM, NED IMAGES, ROC ONLY) - FSI;[US, Wisconsin—Birth Records, 1964–1980|https://www.familysearch.org/indexing/admin-new/#/projects/BBAAD840-13AA-4D2A-A481-583F595F2ECB/overview] \\ [US, Wisconsin—Birth Records, Charge-Out Forms, 1964–1980 \[Part B\]|https://www.familysearch.org/indexing/admin-new/#/projects/D2FF9F8F-D129-4383-A197-A48C5E4B06D3/overview];In Production \\ In Production;[US, Wisconsin—Birth Records, 1964–1980|https://www.familysearch.org/indexing/admin-new/#/projects/BBAAD840-13AA-4D2A-A481-583F595F2ECB/overview];[2267DCB1-6365-49BA-A707-0AFE24E82388|https://www.familysearch.org/indexing/admin-new/#/projects/BBAAD840-13AA-4D2A-A481-583F595F2ECB/manage/2267DCB1-6365-49BA-A707-0AFE24E82388/batches/list];READY_FOR_DELIVERY;
104910824;18-0127: Wisconsin, Wisconsin Vital Records Office, Birth Records, 1964-1980 - (Ancestry 47754) - FSI \\ 18-1425: Wisconsin, Wisconsin Vital Records Office, Birth Records, 1964-1980 - (ACOM, NED IMAGES, ROC ONLY) - FSI;[US, Wisconsin—Birth Records, 1964–1980|https://www.familysearch.org/indexing/admin-new/#/projects/BBAAD840-13AA-4D2A-A481-583F595F2ECB/overview] \\ [US, Wisconsin—Birth Records, Charge-Out Forms, 1964–1980 \[Part B\]|https://www.familysearch.org/indexing/admin-new/#/projects/D2FF9F8F-D129-4383-A197-A48C5E4B06D3/overview];In Production \\ In Production;[US, Wisconsin—Birth Records, 1964–1980|https://www.familysearch.org/indexing/admin-new/#/projects/BBAAD840-13AA-4D2A-A481-583F595F2ECB/overview];[EA3D4A1D-80F2-4A47-8F8A-1093BFF363C4|https://www.familysearch.org/indexing/admin-new/#/projects/BBAAD840-13AA-4D2A-A481-583F595F2ECB/manage/EA3D4A1D-80F2-4A47-8F8A-1093BFF363C4/batches/list];READY_FOR_DELIVERY;
104910825;18-0127: Wisconsin, Wisconsin Vital Records Office, Birth Records, 1964-1980 - (Ancestry 47754) - FSI \\ 18-1425: Wisconsin, Wisconsin Vital Records Office, Birth Records, 1964-1980 - (ACOM, NED IMAGES, ROC ONLY) - FSI;[US, Wisconsin—Birth Records, 1964–1980|https://www.familysearch.org/indexing/admin-new/#/projects/BBAAD840-13AA-4D2A-A481-583F595F2ECB/overview] \\ [US, Wisconsin—Birth Records, Charge-Out Forms, 1964–1980 \[Part B\]|https://www.familysearch.org/indexing/admin-new/#/projects/D2FF9F8F-D129-4383-A197-A48C5E4B06D3/overview];In Production \\ In Production;[US, Wisconsin—Birth Records, 1964–1980|https://www.familysearch.org/indexing/admin-new/#/projects/BBAAD840-13AA-4D2A-A481-583F595F2ECB/overview];[E07D59A7-6AB5-4ECB-B3A0-DC0A74DEC9C4|https://www.familysearch.org/indexing/admin-new/#/projects/BBAAD840-13AA-4D2A-A481-583F595F2ECB/manage/E07D59A7-6AB5-4ECB-B3A0-DC0A74DEC9C4/batches/list];READY_FOR_DELIVERY;
104910826;18-0127: Wisconsin, Wisconsin Vital Records Office, Birth Records, 1964-1980 - (Ancestry 47754) - FSI \\ 18-1425: Wisconsin, Wisconsin Vital Records Office, Birth Records, 1964-1980 - (ACOM, NED IMAGES, ROC ONLY) - FSI;[US, Wisconsin—Birth Records, 1964–1980|https://www.familysearch.org/indexing/admin-new/#/projects/BBAAD840-13AA-4D2A-A481-583F595F2ECB/overview] \\ [US, Wisconsin—Birth Records, Charge-Out Forms, 1964–1980 \[Part B\]|https://www.familysearch.org/indexing/admin-new/#/projects/D2FF9F8F-D129-4383-A197-A48C5E4B06D3/overview];In Production \\ In Production;[US, Wisconsin—Birth Records, 1964–1980|https://www.familysearch.org/indexing/admin-new/#/projects/BBAAD840-13AA-4D2A-A481-583F595F2ECB/overview];[AC1E0133-DF9E-4B89-A182-C5828F740014|https://www.familysearch.org/indexing/admin-new/#/projects/BBAAD840-13AA-4D2A-A481-583F595F2ECB/manage/AC1E0133-DF9E-4B89-A182-C5828F740014/batches/list];READY_FOR_DELIVERY;
104910827;18-0127: Wisconsin, Wisconsin Vital Records Office, Birth Records, 1964-1980 - (Ancestry 47754) - FSI \\ 18-1425: Wisconsin, Wisconsin Vital Records Office, Birth Records, 1964-1980 - (ACOM, NED IMAGES, ROC ONLY) - FSI;[US, Wisconsin—Birth Records, 1964–1980|https://www.familysearch.org/indexing/admin-new/#/projects/BBAAD840-13AA-4D2A-A481-583F595F2ECB/overview] \\ [US, Wisconsin—Birth Records, Charge-Out Forms, 1964–1980 \[Part B\]|https://www.familysearch.org/indexing/admin-new/#/projects/D2FF9F8F-D129-4383-A197-A48C5E4B06D3/overview];In Production \\ In Production;[US, Wisconsin—Birth Records, 1964–1980|https://www.familysearch.org/indexing/admin-new/#/projects/BBAAD840-13AA-4D2A-A481-583F595F2ECB/overview];[A095ADA0-44A4-4E09-8460-AEF788336CDD|https://www.familysearch.org/indexing/admin-new/#/projects/BBAAD840-13AA-4D2A-A481-583F595F2ECB/manage/A095ADA0-44A4-4E09-8460-AEF788336CDD/batches/list];READY_FOR_DELIVERY;
104910828;18-0127: Wisconsin, Wisconsin Vital Records Office, Birth Records, 1964-1980 - (Ancestry 47754) - FSI \\ 18-1425: Wisconsin, Wisconsin Vital Records Office, Birth Records, 1964-1980 - (ACOM, NED IMAGES, ROC ONLY) - FSI;[US, Wisconsin—Birth Records, 1964–1980|https://www.familysearch.org/indexing/admin-new/#/projects/BBAAD840-13AA-4D2A-A481-583F595F2ECB/overview] \\ [US, Wisconsin—Birth Records, Charge-Out Forms, 1964–1980 \[Part B\]|https://www.familysearch.org/indexing/admin-new/#/projects/D2FF9F8F-D129-4383-A197-A48C5E4B06D3/overview];In Production \\ In Production;[US, Wisconsin—Birth Records, 1964–1980|https://www.familysearch.org/indexing/admin-new/#/projects/BBAAD840-13AA-4D2A-A481-583F595F2ECB/overview];[6EE33D0F-96C7-4BEB-A03A-0F07B062BF2A|https://www.familysearch.org/indexing/admin-new/#/projects/BBAAD840-13AA-4D2A-A481-583F595F2ECB/manage/6EE33D0F-96C7-4BEB-A03A-0F07B062BF2A/batches/list];READY_FOR_DELIVERY;
104910829;18-0127: Wisconsin, Wisconsin Vital Records Office, Birth Records, 1964-1980 - (Ancestry 47754) - FSI \\ 18-1425: Wisconsin, Wisconsin Vital Records Office, Birth Records, 1964-1980 - (ACOM, NED IMAGES, ROC ONLY) - FSI;[US, Wisconsin—Birth Records, 1964–1980|https://www.familysearch.org/indexing/admin-new/#/projects/BBAAD840-13AA-4D2A-A481-583F595F2ECB/overview] \\ [US, Wisconsin—Birth Records, Charge-Out Forms, 1964–1980 \[Part B\]|https://www.familysearch.org/indexing/admin-new/#/projects/D2FF9F8F-D129-4383-A197-A48C5E4B06D3/overview];In Production \\ In Production;[US, Wisconsin—Birth Records, 1964–1980|https://www.familysearch.org/indexing/admin-new/#/projects/BBAAD840-13AA-4D2A-A481-583F595F2ECB/overview];[8DEE53CD-A618-4511-82B4-774CE090E916|https://www.familysearch.org/indexing/admin-new/#/projects/BBAAD840-13AA-4D2A-A481-583F595F2ECB/manage/8DEE53CD-A618-4511-82B4-774CE090E916/batches/list];READY_FOR_DELIVERY;
104910830;18-0127: Wisconsin, Wisconsin Vital Records Office, Birth Records, 1964-1980 - (Ancestry 47754) - FSI \\ 18-1425: Wisconsin, Wisconsin Vital Records Office, Birth Records, 1964-1980 - (ACOM, NED IMAGES, ROC ONLY) - FSI;[US, Wisconsin—Birth Records, 1964–1980|https://www.familysearch.org/indexing/admin-new/#/projects/BBAAD840-13AA-4D2A-A481-583F595F2ECB/overview] \\ [US, Wisconsin—Birth Records, Charge-Out Forms, 1964–1980 \[Part B\]|https://www.familysearch.org/indexing/admin-new/#/projects/D2FF9F8F-D129-4383-A197-A48C5E4B06D3/overview];In Production \\ In Production;[US, Wisconsin—Birth Records, 1964–1980|https://www.familysearch.org/indexing/admin-new/#/projects/BBAAD840-13AA-4D2A-A481-583F595F2ECB/overview];[35D327B6-A9D8-42E9-BA9F-CDFF0E95EB23|https://www.familysearch.org/indexing/admin-new/#/projects/BBAAD840-13AA-4D2A-A481-583F595F2ECB/manage/35D327B6-A9D8-42E9-BA9F-CDFF0E95EB23/batches/list];READY_FOR_DELIVERY;
104910831;18-0127: Wisconsin, Wisconsin Vital Records Office, Birth Records, 1964-1980 - (Ancestry 47754) - FSI \\ 18-1425: Wisconsin, Wisconsin Vital Records Office, Birth Records, 1964-1980 - (ACOM, NED IMAGES, ROC ONLY) - FSI;[US, Wisconsin—Birth Records, 1964–1980|https://www.familysearch.org/indexing/admin-new/#/projects/BBAAD840-13AA-4D2A-A481-583F595F2ECB/overview] \\ [US, Wisconsin—Birth Records, Charge-Out Forms, 1964–1980 \[Part B\]|https://www.familysearch.org/indexing/admin-new/#/projects/D2FF9F8F-D129-4383-A197-A48C5E4B06D3/overview];In Production \\ In Production;[US, Wisconsin—Birth Records, 1964–1980|https://www.familysearch.org/indexing/admin-new/#/projects/BBAAD840-13AA-4D2A-A481-583F595F2ECB/overview];[E7EF6579-21E2-4377-8798-98EB7C07B281|https://www.familysearch.org/indexing/admin-new/#/projects/BBAAD840-13AA-4D2A-A481-583F595F2ECB/manage/E7EF6579-21E2-4377-8798-98EB7C07B281/batches/list];READY_FOR_DELIVERY;
104910832;18-0127: Wisconsin, Wisconsin Vital Records Office, Birth Records, 1964-1980 - (Ancestry 47754) - FSI \\ 18-1425: Wisconsin, Wisconsin Vital Records Office, Birth Records, 1964-1980 - (ACOM, NED IMAGES, ROC ONLY) - FSI;[US, Wisconsin—Birth Records, 1964–1980|https://www.familysearch.org/indexing/admin-new/#/projects/BBAAD840-13AA-4D2A-A481-583F595F2ECB/overview] \\ [US, Wisconsin—Birth Records, Charge-Out Forms, 1964–1980 \[Part B\]|https://www.familysearch.org/indexing/admin-new/#/projects/D2FF9F8F-D129-4383-A197-A48C5E4B06D3/overview];In Production \\ In Production;[US, Wisconsin—Birth Records, 1964–1980|https://www.familysearch.org/indexing/admin-new/#/projects/BBAAD840-13AA-4D2A-A481-583F595F2ECB/overview];[F95697D9-0540-4156-90DD-97F7421EF19F|https://www.familysearch.org/indexing/admin-new/#/projects/BBAAD840-13AA-4D2A-A481-583F595F2ECB/manage/F95697D9-0540-4156-90DD-97F7421EF19F/batches/list];READY_FOR_DELIVERY;
104910833;18-0127: Wisconsin, Wisconsin Vital Records Office, Birth Records, 1964-1980 - (Ancestry 47754) - FSI \\ 18-1425: Wisconsin, Wisconsin Vital Records Office, Birth Records, 1964-1980 - (ACOM, NED IMAGES, ROC ONLY) - FSI;[US, Wisconsin—Birth Records, 1964–1980|https://www.familysearch.org/indexing/admin-new/#/projects/BBAAD840-13AA-4D2A-A481-583F595F2ECB/overview] \\ [US, Wisconsin—Birth Records, Charge-Out Forms, 1964–1980 \[Part B\]|https://www.familysearch.org/indexing/admin-new/#/projects/D2FF9F8F-D129-4383-A197-A48C5E4B06D3/overview];In Production \\ In Production;[US, Wisconsin—Birth Records, 1964–1980|https://www.familysearch.org/indexing/admin-new/#/projects/BBAAD840-13AA-4D2A-A481-583F595F2ECB/overview];[FDAB62D6-8931-4E02-A8AD-D0E7B0DCC42F|https://www.familysearch.org/indexing/admin-new/#/projects/BBAAD840-13AA-4D2A-A481-583F595F2ECB/manage/FDAB62D6-8931-4E02-A8AD-D0E7B0DCC42F/batches/list];READY_FOR_DELIVERY;
104910834;18-0127: Wisconsin, Wisconsin Vital Records Office, Birth Records, 1964-1980 - (Ancestry 47754) - FSI \\ 18-1425: Wisconsin, Wisconsin Vital Records Office, Birth Records, 1964-1980 - (ACOM, NED IMAGES, ROC ONLY) - FSI;[US, Wisconsin—Birth Records, 1964–1980|https://www.familysearch.org/indexing/admin-new/#/projects/BBAAD840-13AA-4D2A-A481-583F595F2ECB/overview] \\ [US, Wisconsin—Birth Records, Charge-Out Forms, 1964–1980 \[Part B\]|https://www.familysearch.org/indexing/admin-new/#/projects/D2FF9F8F-D129-4383-A197-A48C5E4B06D3/overview];In Production \\ In Production;[US, Wisconsin—Birth Records, 1964–1980|https://www.familysearch.org/indexing/admin-new/#/projects/BBAAD840-13AA-4D2A-A481-583F595F2ECB/overview];[4127DB39-50A8-42BC-AAEF-1C2A28227484|https://www.familysearch.org/indexing/admin-new/#/projects/BBAAD840-13AA-4D2A-A481-583F595F2ECB/manage/4127DB39-50A8-42BC-AAEF-1C2A28227484/batches/list];READY_FOR_DELIVERY;
104910835;18-0127: Wisconsin, Wisconsin Vital Records Office, Birth Records, 1964-1980 - (Ancestry 47754) - FSI \\ 18-1425: Wisconsin, Wisconsin Vital Records Office, Birth Records, 1964-1980 - (ACOM, NED IMAGES, ROC ONLY) - FSI;[US, Wisconsin—Birth Records, 1964–1980|https://www.familysearch.org/indexing/admin-new/#/projects/BBAAD840-13AA-4D2A-A481-583F595F2ECB/overview] \\ [US, Wisconsin—Birth Records, Charge-Out Forms, 1964–1980 \[Part B\]|https://www.familysearch.org/indexing/admin-new/#/projects/D2FF9F8F-D129-4383-A197-A48C5E4B06D3/overview];In Production \\ In Production;[US, Wisconsin—Birth Records, 1964–1980|https://www.familysearch.org/indexing/admin-new/#/projects/BBAAD840-13AA-4D2A-A481-583F595F2ECB/overview];[0DE0BEB0-7BA0-49C1-A79C-4F351AEC0533|https://www.familysearch.org/indexing/admin-new/#/projects/BBAAD840-13AA-4D2A-A481-583F595F2ECB/manage/0DE0BEB0-7BA0-49C1-A79C-4F351AEC0533/batches/list];READY_FOR_DELIVERY;
104910836;18-0127: Wisconsin, Wisconsin Vital Records Office, Birth Records, 1964-1980 - (Ancestry 47754) - FSI \\ 18-1425: Wisconsin, Wisconsin Vital Records Office, Birth Records, 1964-1980 - (ACOM, NED IMAGES, ROC ONLY) - FSI;[US, Wisconsin—Birth Records, 1964–1980|https://www.familysearch.org/indexing/admin-new/#/projects/BBAAD840-13AA-4D2A-A481-583F595F2ECB/overview] \\ [US, Wisconsin—Birth Records, Charge-Out Forms, 1964–1980 \[Part B\]|https://www.familysearch.org/indexing/admin-new/#/projects/D2FF9F8F-D129-4383-A197-A48C5E4B06D3/overview];In Production \\ In Production;[US, Wisconsin—Birth Records, 1964–1980|https://www.familysearch.org/indexing/admin-new/#/projects/BBAAD840-13AA-4D2A-A481-583F595F2ECB/overview];[785780DD-C04B-4476-9CA4-EC44ACB6D48F|https://www.familysearch.org/indexing/admin-new/#/projects/BBAAD840-13AA-4D2A-A481-583F595F2ECB/manage/785780DD-C04B-4476-9CA4-EC44ACB6D48F/batches/list];READY_FOR_DELIVERY;
104910837;18-0127: Wisconsin, Wisconsin Vital Records Office, Birth Records, 1964-1980 - (Ancestry 47754) - FSI \\ 18-1425: Wisconsin, Wisconsin Vital Records Office, Birth Records, 1964-1980 - (ACOM, NED IMAGES, ROC ONLY) - FSI;[US, Wisconsin—Birth Records, 1964–1980|https://www.familysearch.org/indexing/admin-new/#/projects/BBAAD840-13AA-4D2A-A481-583F595F2ECB/overview] \\ [US, Wisconsin—Birth Records, Charge-Out Forms, 1964–1980 \[Part B\]|https://www.familysearch.org/indexing/admin-new/#/projects/D2FF9F8F-D129-4383-A197-A48C5E4B06D3/overview];In Production \\ In Production;[US, Wisconsin—Birth Records, 1964–1980|https://www.familysearch.org/indexing/admin-new/#/projects/BBAAD840-13AA-4D2A-A481-583F595F2ECB/overview];[43F68633-9CBF-48B4-A749-11E630C28214|https://www.familysearch.org/indexing/admin-new/#/projects/BBAAD840-13AA-4D2A-A481-583F595F2ECB/manage/43F68633-9CBF-48B4-A749-11E630C28214/batches/list];READY_FOR_DELIVERY;
104910838;18-0127: Wisconsin, Wisconsin Vital Records Office, Birth Records, 1964-1980 - (Ancestry 47754) - FSI \\ 18-1425: Wisconsin, Wisconsin Vital Records Office, Birth Records, 1964-1980 - (ACOM, NED IMAGES, ROC ONLY) - FSI;[US, Wisconsin—Birth Records, 1964–1980|https://www.familysearch.org/indexing/admin-new/#/projects/BBAAD840-13AA-4D2A-A481-583F595F2ECB/overview] \\ [US, Wisconsin—Birth Records, Charge-Out Forms, 1964–1980 \[Part B\]|https://www.familysearch.org/indexing/admin-new/#/projects/D2FF9F8F-D129-4383-A197-A48C5E4B06D3/overview];In Production \\ In Production;[US, Wisconsin—Birth Records, 1964–1980|https://www.familysearch.org/indexing/admin-new/#/projects/BBAAD840-13AA-4D2A-A481-583F595F2ECB/overview];[F271C2BC-3152-4C2D-B69D-C00E20998775|https://www.familysearch.org/indexing/admin-new/#/projects/BBAAD840-13AA-4D2A-A481-583F595F2ECB/manage/F271C2BC-3152-4C2D-B69D-C00E20998775/batches/list];READY_FOR_DELIVERY;
104910839;18-0127: Wisconsin, Wisconsin Vital Records Office, Birth Records, 1964-1980 - (Ancestry 47754) - FSI \\ 18-1425: Wisconsin, Wisconsin Vital Records Office, Birth Records, 1964-1980 - (ACOM, NED IMAGES, ROC ONLY) - FSI;[US, Wisconsin—Birth Records, 1964–1980|https://www.familysearch.org/indexing/admin-new/#/projects/BBAAD840-13AA-4D2A-A481-583F595F2ECB/overview] \\ [US, Wisconsin—Birth Records, Charge-Out Forms, 1964–1980 \[Part B\]|https://www.familysearch.org/indexing/admin-new/#/projects/D2FF9F8F-D129-4383-A197-A48C5E4B06D3/overview];In Production \\ In Production;[US, Wisconsin—Birth Records, 1964–1980|https://www.familysearch.org/indexing/admin-new/#/projects/BBAAD840-13AA-4D2A-A481-583F595F2ECB/overview];[A6E2BD05-9E33-4238-A2B4-D3254D9507AD|https://www.familysearch.org/indexing/admin-new/#/projects/BBAAD840-13AA-4D2A-A481-583F595F2ECB/manage/A6E2BD05-9E33-4238-A2B4-D3254D9507AD/batches/list];READY_FOR_DELIVERY;
104910840;18-0127: Wisconsin, Wisconsin Vital Records Office, Birth Records, 1964-1980 - (Ancestry 47754) - FSI \\ 18-1425: Wisconsin, Wisconsin Vital Records Office, Birth Records, 1964-1980 - (ACOM, NED IMAGES, ROC ONLY) - FSI;[US, Wisconsin—Birth Records, 1964–1980|https://www.familysearch.org/indexing/admin-new/#/projects/BBAAD840-13AA-4D2A-A481-583F595F2ECB/overview] \\ [US, Wisconsin—Birth Records, Charge-Out Forms, 1964–1980 \[Part B\]|https://www.familysearch.org/indexing/admin-new/#/projects/D2FF9F8F-D129-4383-A197-A48C5E4B06D3/overview];In Production \\ In Production;[US, Wisconsin—Birth Records, 1964–1980|https://www.familysearch.org/indexing/admin-new/#/projects/BBAAD840-13AA-4D2A-A481-583F595F2ECB/overview];[44CD51F1-CB3F-45CE-8F14-57F08F6C246A|https://www.familysearch.org/indexing/admin-new/#/projects/BBAAD840-13AA-4D2A-A481-583F595F2ECB/manage/44CD51F1-CB3F-45CE-8F14-57F08F6C246A/batches/list];READY_FOR_DELIVERY;
104910841;18-0127: Wisconsin, Wisconsin Vital Records Office, Birth Records, 1964-1980 - (Ancestry 47754) - FSI \\ 18-1425: Wisconsin, Wisconsin Vital Records Office, Birth Records, 1964-1980 - (ACOM, NED IMAGES, ROC ONLY) - FSI;[US, Wisconsin—Birth Records, 1964–1980|https://www.familysearch.org/indexing/admin-new/#/projects/BBAAD840-13AA-4D2A-A481-583F595F2ECB/overview] \\ [US, Wisconsin—Birth Records, Charge-Out Forms, 1964–1980 \[Part B\]|https://www.familysearch.org/indexing/admin-new/#/projects/D2FF9F8F-D129-4383-A197-A48C5E4B06D3/overview];In Production \\ In Production;[US, Wisconsin—Birth Records, 1964–1980|https://www.familysearch.org/indexing/admin-new/#/projects/BBAAD840-13AA-4D2A-A481-583F595F2ECB/overview];[B545C994-0205-4D43-9171-DB3584443AB8|https://www.familysearch.org/indexing/admin-new/#/projects/BBAAD840-13AA-4D2A-A481-583F595F2ECB/manage/B545C994-0205-4D43-9171-DB3584443AB8/batches/list];READY_FOR_DELIVERY;
104910842;18-0127: Wisconsin, Wisconsin Vital Records Office, Birth Records, 1964-1980 - (Ancestry 47754) - FSI \\ 18-1425: Wisconsin, Wisconsin Vital Records Office, Birth Records, 1964-1980 - (ACOM, NED IMAGES, ROC ONLY) - FSI;[US, Wisconsin—Birth Records, 1964–1980|https://www.familysearch.org/indexing/admin-new/#/projects/BBAAD840-13AA-4D2A-A481-583F595F2ECB/overview] \\ [US, Wisconsin—Birth Records, Charge-Out Forms, 1964–1980 \[Part B\]|https://www.familysearch.org/indexing/admin-new/#/projects/D2FF9F8F-D129-4383-A197-A48C5E4B06D3/overview];In Production \\ In Production;[US, Wisconsin—Birth Records, 1964–1980|https://www.familysearch.org/indexing/admin-new/#/projects/BBAAD840-13AA-4D2A-A481-583F595F2ECB/overview];[ED5DC692-CD7E-4792-B053-1690FA061992|https://www.familysearch.org/indexing/admin-new/#/projects/BBAAD840-13AA-4D2A-A481-583F595F2ECB/manage/ED5DC692-CD7E-4792-B053-1690FA061992/batches/list];READY_FOR_DELIVERY;
104910843;18-0127: Wisconsin, Wisconsin Vital Records Office, Birth Records, 1964-1980 - (Ancestry 47754) - FSI \\ 18-1425: Wisconsin, Wisconsin Vital Records Office, Birth Records, 1964-1980 - (ACOM, NED IMAGES, ROC ONLY) - FSI;[US, Wisconsin—Birth Records, 1964–1980|https://www.familysearch.org/indexing/admin-new/#/projects/BBAAD840-13AA-4D2A-A481-583F595F2ECB/overview] \\ [US, Wisconsin—Birth Records, Charge-Out Forms, 1964–1980 \[Part B\]|https://www.familysearch.org/indexing/admin-new/#/projects/D2FF9F8F-D129-4383-A197-A48C5E4B06D3/overview];In Production \\ In Production;[US, Wisconsin—Birth Records, 1964–1980|https://www.familysearch.org/indexing/admin-new/#/projects/BBAAD840-13AA-4D2A-A481-583F595F2ECB/overview];[ABC0A665-09E0-47BD-B39C-AB53C64BA04C|https://www.familysearch.org/indexing/admin-new/#/projects/BBAAD840-13AA-4D2A-A481-583F595F2ECB/manage/ABC0A665-09E0-47BD-B39C-AB53C64BA04C/batches/list];READY_FOR_DELIVERY;
104910844;18-0127: Wisconsin, Wisconsin Vital Records Office, Birth Records, 1964-1980 - (Ancestry 47754) - FSI \\ 18-1425: Wisconsin, Wisconsin Vital Records Office, Birth Records, 1964-1980 - (ACOM, NED IMAGES, ROC ONLY) - FSI;[US, Wisconsin—Birth Records, 1964–1980|https://www.familysearch.org/indexing/admin-new/#/projects/BBAAD840-13AA-4D2A-A481-583F595F2ECB/overview] \\ [US, Wisconsin—Birth Records, Charge-Out Forms, 1964–1980 \[Part B\]|https://www.familysearch.org/indexing/admin-new/#/projects/D2FF9F8F-D129-4383-A197-A48C5E4B06D3/overview];In Production \\ In Production;[US, Wisconsin—Birth Records, 1964–1980|https://www.familysearch.org/indexing/admin-new/#/projects/BBAAD840-13AA-4D2A-A481-583F595F2ECB/overview];[6A80AC01-6328-41EB-9854-D8C69020F6A1|https://www.familysearch.org/indexing/admin-new/#/projects/BBAAD840-13AA-4D2A-A481-583F595F2ECB/manage/6A80AC01-6328-41EB-9854-D8C69020F6A1/batches/list];READY_FOR_DELIVERY;
104910845;18-0127: Wisconsin, Wisconsin Vital Records Office, Birth Records, 1964-1980 - (Ancestry 47754) - FSI \\ 18-1425: Wisconsin, Wisconsin Vital Records Office, Birth Records, 1964-1980 - (ACOM, NED IMAGES, ROC ONLY) - FSI;[US, Wisconsin—Birth Records, 1964–1980|https://www.familysearch.org/indexing/admin-new/#/projects/BBAAD840-13AA-4D2A-A481-583F595F2ECB/overview] \\ [US, Wisconsin—Birth Records, Charge-Out Forms, 1964–1980 \[Part B\]|https://www.familysearch.org/indexing/admin-new/#/projects/D2FF9F8F-D129-4383-A197-A48C5E4B06D3/overview];In Production \\ In Production;[US, Wisconsin—Birth Records, 1964–1980|https://www.familysearch.org/indexing/admin-new/#/projects/BBAAD840-13AA-4D2A-A481-583F595F2ECB/overview];[00B68B5D-0D54-429A-B8B4-51546DBB311D|https://www.familysearch.org/indexing/admin-new/#/projects/BBAAD840-13AA-4D2A-A481-583F595F2ECB/manage/00B68B5D-0D54-429A-B8B4-51546DBB311D/batches/list];READY_FOR_DELIVERY;
104910846;18-0127: Wisconsin, Wisconsin Vital Records Office, Birth Records, 1964-1980 - (Ancestry 47754) - FSI \\ 18-1425: Wisconsin, Wisconsin Vital Records Office, Birth Records, 1964-1980 - (ACOM, NED IMAGES, ROC ONLY) - FSI;[US, Wisconsin—Birth Records, 1964–1980|https://www.familysearch.org/indexing/admin-new/#/projects/BBAAD840-13AA-4D2A-A481-583F595F2ECB/overview] \\ [US, Wisconsin—Birth Records, Charge-Out Forms, 1964–1980 \[Part B\]|https://www.familysearch.org/indexing/admin-new/#/projects/D2FF9F8F-D129-4383-A197-A48C5E4B06D3/overview];In Production \\ In Production;[US, Wisconsin—Birth Records, 1964–1980|https://www.familysearch.org/indexing/admin-new/#/projects/BBAAD840-13AA-4D2A-A481-583F595F2ECB/overview];[FF515855-A1C5-4925-A89F-4338C5E4C562|https://www.familysearch.org/indexing/admin-new/#/projects/BBAAD840-13AA-4D2A-A481-583F595F2ECB/manage/FF515855-A1C5-4925-A89F-4338C5E4C562/batches/list];READY_FOR_DELIVERY;
104910847;18-0127: Wisconsin, Wisconsin Vital Records Office, Birth Records, 1964-1980 - (Ancestry 47754) - FSI \\ 18-1425: Wisconsin, Wisconsin Vital Records Office, Birth Records, 1964-1980 - (ACOM, NED IMAGES, ROC ONLY) - FSI;[US, Wisconsin—Birth Records, 1964–1980|https://www.familysearch.org/indexing/admin-new/#/projects/BBAAD840-13AA-4D2A-A481-583F595F2ECB/overview] \\ [US, Wisconsin—Birth Records, Charge-Out Forms, 1964–1980 \[Part B\]|https://www.familysearch.org/indexing/admin-new/#/projects/D2FF9F8F-D129-4383-A197-A48C5E4B06D3/overview];In Production \\ In Production;[US, Wisconsin—Birth Records, 1964–1980|https://www.familysearch.org/indexing/admin-new/#/projects/BBAAD840-13AA-4D2A-A481-583F595F2ECB/overview];[130A65B6-3EAB-4521-85D3-8CC7CAFBF1B8|https://www.familysearch.org/indexing/admin-new/#/projects/BBAAD840-13AA-4D2A-A481-583F595F2ECB/manage/130A65B6-3EAB-4521-85D3-8CC7CAFBF1B8/batches/list];READY_FOR_DELIVERY;
104910848;18-0127: Wisconsin, Wisconsin Vital Records Office, Birth Records, 1964-1980 - (Ancestry 47754) - FSI \\ 18-1425: Wisconsin, Wisconsin Vital Records Office, Birth Records, 1964-1980 - (ACOM, NED IMAGES, ROC ONLY) - FSI;[US, Wisconsin—Birth Records, 1964–1980|https://www.familysearch.org/indexing/admin-new/#/projects/BBAAD840-13AA-4D2A-A481-583F595F2ECB/overview] \\ [US, Wisconsin—Birth Records, Charge-Out Forms, 1964–1980 \[Part B\]|https://www.familysearch.org/indexing/admin-new/#/projects/D2FF9F8F-D129-4383-A197-A48C5E4B06D3/overview];In Production \\ In Production;[US, Wisconsin—Birth Records, 1964–1980|https://www.familysearch.org/indexing/admin-new/#/projects/BBAAD840-13AA-4D2A-A481-583F595F2ECB/overview];[8B917DAB-8497-42F1-B9BD-B897B1396244|https://www.familysearch.org/indexing/admin-new/#/projects/BBAAD840-13AA-4D2A-A481-583F595F2ECB/manage/8B917DAB-8497-42F1-B9BD-B897B1396244/batches/list];READY_FOR_DELIVERY;
104910849;18-0127: Wisconsin, Wisconsin Vital Records Office, Birth Records, 1964-1980 - (Ancestry 47754) - FSI \\ 18-1425: Wisconsin, Wisconsin Vital Records Office, Birth Records, 1964-1980 - (ACOM, NED IMAGES, ROC ONLY) - FSI;[US, Wisconsin—Birth Records, 1964–1980|https://www.familysearch.org/indexing/admin-new/#/projects/BBAAD840-13AA-4D2A-A481-583F595F2ECB/overview] \\ [US, Wisconsin—Birth Records, Charge-Out Forms, 1964–1980 \[Part B\]|https://www.familysearch.org/indexing/admin-new/#/projects/D2FF9F8F-D129-4383-A197-A48C5E4B06D3/overview];In Production \\ In Production;[US, Wisconsin—Birth Records, 1964–1980|https://www.familysearch.org/indexing/admin-new/#/projects/BBAAD840-13AA-4D2A-A481-583F595F2ECB/overview];[AAFD6210-FA1C-4445-9D69-BD2221556506|https://www.familysearch.org/indexing/admin-new/#/projects/BBAAD840-13AA-4D2A-A481-583F595F2ECB/manage/AAFD6210-FA1C-4445-9D69-BD2221556506/batches/list];READY_FOR_DELIVERY;
104910850;18-0127: Wisconsin, Wisconsin Vital Records Office, Birth Records, 1964-1980 - (Ancestry 47754) - FSI \\ 18-1425: Wisconsin, Wisconsin Vital Records Office, Birth Records, 1964-1980 - (ACOM, NED IMAGES, ROC ONLY) - FSI;[US, Wisconsin—Birth Records, 1964–1980|https://www.familysearch.org/indexing/admin-new/#/projects/BBAAD840-13AA-4D2A-A481-583F595F2ECB/overview] \\ [US, Wisconsin—Birth Records, Charge-Out Forms, 1964–1980 \[Part B\]|https://www.familysearch.org/indexing/admin-new/#/projects/D2FF9F8F-D129-4383-A197-A48C5E4B06D3/overview];In Production \\ In Production;[US, Wisconsin—Birth Records, 1964–1980|https://www.familysearch.org/indexing/admin-new/#/projects/BBAAD840-13AA-4D2A-A481-583F595F2ECB/overview];[002A7E03-107B-4596-B4B5-A7BC6AA13BE6|https://www.familysearch.org/indexing/admin-new/#/projects/BBAAD840-13AA-4D2A-A481-583F595F2ECB/manage/002A7E03-107B-4596-B4B5-A7BC6AA13BE6/batches/list];READY_FOR_DELIVERY;
104910851;18-0127: Wisconsin, Wisconsin Vital Records Office, Birth Records, 1964-1980 - (Ancestry 47754) - FSI \\ 18-1425: Wisconsin, Wisconsin Vital Records Office, Birth Records, 1964-1980 - (ACOM, NED IMAGES, ROC ONLY) - FSI;[US, Wisconsin—Birth Records, 1964–1980|https://www.familysearch.org/indexing/admin-new/#/projects/BBAAD840-13AA-4D2A-A481-583F595F2ECB/overview] \\ [US, Wisconsin—Birth Records, Charge-Out Forms, 1964–1980 \[Part B\]|https://www.familysearch.org/indexing/admin-new/#/projects/D2FF9F8F-D129-4383-A197-A48C5E4B06D3/overview];In Production \\ In Production;[US, Wisconsin—Birth Records, 1964–1980|https://www.familysearch.org/indexing/admin-new/#/projects/BBAAD840-13AA-4D2A-A481-583F595F2ECB/overview];[C296FA09-9C37-446D-8CB4-8D6C3CFDCA5B|https://www.familysearch.org/indexing/admin-new/#/projects/BBAAD840-13AA-4D2A-A481-583F595F2ECB/manage/C296FA09-9C37-446D-8CB4-8D6C3CFDCA5B/batches/list];READY_FOR_DELIVERY;
104910852;18-0127: Wisconsin, Wisconsin Vital Records Office, Birth Records, 1964-1980 - (Ancestry 47754) - FSI \\ 18-1425: Wisconsin, Wisconsin Vital Records Office, Birth Records, 1964-1980 - (ACOM, NED IMAGES, ROC ONLY) - FSI;[US, Wisconsin—Birth Records, 1964–1980|https://www.familysearch.org/indexing/admin-new/#/projects/BBAAD840-13AA-4D2A-A481-583F595F2ECB/overview] \\ [US, Wisconsin—Birth Records, Charge-Out Forms, 1964–1980 \[Part B\]|https://www.familysearch.org/indexing/admin-new/#/projects/D2FF9F8F-D129-4383-A197-A48C5E4B06D3/overview];In Production \\ In Production;[US, Wisconsin—Birth Records, 1964–1980|https://www.familysearch.org/indexing/admin-new/#/projects/BBAAD840-13AA-4D2A-A481-583F595F2ECB/overview];[BEF56108-F131-4DF3-AA4E-60C93D7D46E7|https://www.familysearch.org/indexing/admin-new/#/projects/BBAAD840-13AA-4D2A-A481-583F595F2ECB/manage/BEF56108-F131-4DF3-AA4E-60C93D7D46E7/batches/list];READY_FOR_DELIVERY;
104910853;18-0127: Wisconsin, Wisconsin Vital Records Office, Birth Records, 1964-1980 - (Ancestry 47754) - FSI \\ 18-1425: Wisconsin, Wisconsin Vital Records Office, Birth Records, 1964-1980 - (ACOM, NED IMAGES, ROC ONLY) - FSI;[US, Wisconsin—Birth Records, 1964–1980|https://www.familysearch.org/indexing/admin-new/#/projects/BBAAD840-13AA-4D2A-A481-583F595F2ECB/overview] \\ [US, Wisconsin—Birth Records, Charge-Out Forms, 1964–1980 \[Part B\]|https://www.familysearch.org/indexing/admin-new/#/projects/D2FF9F8F-D129-4383-A197-A48C5E4B06D3/overview];In Production \\ In Production;[US, Wisconsin—Birth Records, 1964–1980|https://www.familysearch.org/indexing/admin-new/#/projects/BBAAD840-13AA-4D2A-A481-583F595F2ECB/overview];[E2F0FE2E-D89C-4C3C-A858-B1A81C7D000B|https://www.familysearch.org/indexing/admin-new/#/projects/BBAAD840-13AA-4D2A-A481-583F595F2ECB/manage/E2F0FE2E-D89C-4C3C-A858-B1A81C7D000B/batches/list];READY_FOR_DELIVERY;
104910854;18-0127: Wisconsin, Wisconsin Vital Records Office, Birth Records, 1964-1980 - (Ancestry 47754) - FSI \\ 18-1425: Wisconsin, Wisconsin Vital Records Office, Birth Records, 1964-1980 - (ACOM, NED IMAGES, ROC ONLY) - FSI;[US, Wisconsin—Birth Records, 1964–1980|https://www.familysearch.org/indexing/admin-new/#/projects/BBAAD840-13AA-4D2A-A481-583F595F2ECB/overview] \\ [US, Wisconsin—Birth Records, Charge-Out Forms, 1964–1980 \[Part B\]|https://www.familysearch.org/indexing/admin-new/#/projects/D2FF9F8F-D129-4383-A197-A48C5E4B06D3/overview];In Production \\ In Production;[US, Wisconsin—Birth Records, 1964–1980|https://www.familysearch.org/indexing/admin-new/#/projects/BBAAD840-13AA-4D2A-A481-583F595F2ECB/overview];[4CF746A6-D514-4135-B8B7-BD16E2DF316B|https://www.familysearch.org/indexing/admin-new/#/projects/BBAAD840-13AA-4D2A-A481-583F595F2ECB/manage/4CF746A6-D514-4135-B8B7-BD16E2DF316B/batches/list];READY_FOR_DELIVERY;
104910855;18-0127: Wisconsin, Wisconsin Vital Records Office, Birth Records, 1964-1980 - (Ancestry 47754) - FSI \\ 18-1425: Wisconsin, Wisconsin Vital Records Office, Birth Records, 1964-1980 - (ACOM, NED IMAGES, ROC ONLY) - FSI;[US, Wisconsin—Birth Records, 1964–1980|https://www.familysearch.org/indexing/admin-new/#/projects/BBAAD840-13AA-4D2A-A481-583F595F2ECB/overview] \\ [US, Wisconsin—Birth Records, Charge-Out Forms, 1964–1980 \[Part B\]|https://www.familysearch.org/indexing/admin-new/#/projects/D2FF9F8F-D129-4383-A197-A48C5E4B06D3/overview];In Production \\ In Production;[US, Wisconsin—Birth Records, 1964–1980|https://www.familysearch.org/indexing/admin-new/#/projects/BBAAD840-13AA-4D2A-A481-583F595F2ECB/overview];[188ECD85-8041-41B2-9DCE-CDB8D448A12B|https://www.familysearch.org/indexing/admin-new/#/projects/BBAAD840-13AA-4D2A-A481-583F595F2ECB/manage/188ECD85-8041-41B2-9DCE-CDB8D448A12B/batches/list];READY_FOR_DELIVERY;
104910856;18-0127: Wisconsin, Wisconsin Vital Records Office, Birth Records, 1964-1980 - (Ancestry 47754) - FSI \\ 18-1425: Wisconsin, Wisconsin Vital Records Office, Birth Records, 1964-1980 - (ACOM, NED IMAGES, ROC ONLY) - FSI;[US, Wisconsin—Birth Records, 1964–1980|https://www.familysearch.org/indexing/admin-new/#/projects/BBAAD840-13AA-4D2A-A481-583F595F2ECB/overview] \\ [US, Wisconsin—Birth Records, Charge-Out Forms, 1964–1980 \[Part B\]|https://www.familysearch.org/indexing/admin-new/#/projects/D2FF9F8F-D129-4383-A197-A48C5E4B06D3/overview];In Production \\ In Production;[US, Wisconsin—Birth Records, 1964–1980|https://www.familysearch.org/indexing/admin-new/#/projects/BBAAD840-13AA-4D2A-A481-583F595F2ECB/overview];[8AC68547-3FD3-4B22-AB58-7BFD6130F34F|https://www.familysearch.org/indexing/admin-new/#/projects/BBAAD840-13AA-4D2A-A481-583F595F2ECB/manage/8AC68547-3FD3-4B22-AB58-7BFD6130F34F/batches/list];READY_FOR_DELIVERY;
104910857;18-0127: Wisconsin, Wisconsin Vital Records Office, Birth Records, 1964-1980 - (Ancestry 47754) - FSI \\ 18-1425: Wisconsin, Wisconsin Vital Records Office, Birth Records, 1964-1980 - (ACOM, NED IMAGES, ROC ONLY) - FSI;[US, Wisconsin—Birth Records, 1964–1980|https://www.familysearch.org/indexing/admin-new/#/projects/BBAAD840-13AA-4D2A-A481-583F595F2ECB/overview] \\ [US, Wisconsin—Birth Records, Charge-Out Forms, 1964–1980 \[Part B\]|https://www.familysearch.org/indexing/admin-new/#/projects/D2FF9F8F-D129-4383-A197-A48C5E4B06D3/overview];In Production \\ In Production;[US, Wisconsin—Birth Records, 1964–1980|https://www.familysearch.org/indexing/admin-new/#/projects/BBAAD840-13AA-4D2A-A481-583F595F2ECB/overview];[873FFCB6-60E7-41E9-A355-10CEA538B427|https://www.familysearch.org/indexing/admin-new/#/projects/BBAAD840-13AA-4D2A-A481-583F595F2ECB/manage/873FFCB6-60E7-41E9-A355-10CEA538B427/batches/list];READY_FOR_DELIVERY;
104910858;18-0127: Wisconsin, Wisconsin Vital Records Office, Birth Records, 1964-1980 - (Ancestry 47754) - FSI \\ 18-1425: Wisconsin, Wisconsin Vital Records Office, Birth Records, 1964-1980 - (ACOM, NED IMAGES, ROC ONLY) - FSI;[US, Wisconsin—Birth Records, 1964–1980|https://www.familysearch.org/indexing/admin-new/#/projects/BBAAD840-13AA-4D2A-A481-583F595F2ECB/overview] \\ [US, Wisconsin—Birth Records, Charge-Out Forms, 1964–1980 \[Part B\]|https://www.familysearch.org/indexing/admin-new/#/projects/D2FF9F8F-D129-4383-A197-A48C5E4B06D3/overview];In Production \\ In Production;[US, Wisconsin—Birth Records, 1964–1980|https://www.familysearch.org/indexing/admin-new/#/projects/BBAAD840-13AA-4D2A-A481-583F595F2ECB/overview];[30D82EC6-F830-4807-BAF8-4082D259D493|https://www.familysearch.org/indexing/admin-new/#/projects/BBAAD840-13AA-4D2A-A481-583F595F2ECB/manage/30D82EC6-F830-4807-BAF8-4082D259D493/batches/list];READY_FOR_DELIVERY;
104910859;18-0127: Wisconsin, Wisconsin Vital Records Office, Birth Records, 1964-1980 - (Ancestry 47754) - FSI \\ 18-1425: Wisconsin, Wisconsin Vital Records Office, Birth Records, 1964-1980 - (ACOM, NED IMAGES, ROC ONLY) - FSI;[US, Wisconsin—Birth Records, 1964–1980|https://www.familysearch.org/indexing/admin-new/#/projects/BBAAD840-13AA-4D2A-A481-583F595F2ECB/overview] \\ [US, Wisconsin—Birth Records, Charge-Out Forms, 1964–1980 \[Part B\]|https://www.familysearch.org/indexing/admin-new/#/projects/D2FF9F8F-D129-4383-A197-A48C5E4B06D3/overview];In Production \\ In Production;[US, Wisconsin—Birth Records, 1964–1980|https://www.familysearch.org/indexing/admin-new/#/projects/BBAAD840-13AA-4D2A-A481-583F595F2ECB/overview];[A47F7280-9C98-4A09-B4AB-90BB07BB7C38|https://www.familysearch.org/indexing/admin-new/#/projects/BBAAD840-13AA-4D2A-A481-583F595F2ECB/manage/A47F7280-9C98-4A09-B4AB-90BB07BB7C38/batches/list];READY_FOR_DELIVERY;
104910860;18-0127: Wisconsin, Wisconsin Vital Records Office, Birth Records, 1964-1980 - (Ancestry 47754) - FSI \\ 18-1425: Wisconsin, Wisconsin Vital Records Office, Birth Records, 1964-1980 - (ACOM, NED IMAGES, ROC ONLY) - FSI;[US, Wisconsin—Birth Records, 1964–1980|https://www.familysearch.org/indexing/admin-new/#/projects/BBAAD840-13AA-4D2A-A481-583F595F2ECB/overview] \\ [US, Wisconsin—Birth Records, Charge-Out Forms, 1964–1980 \[Part B\]|https://www.familysearch.org/indexing/admin-new/#/projects/D2FF9F8F-D129-4383-A197-A48C5E4B06D3/overview];In Production \\ In Production;[US, Wisconsin—Birth Records, 1964–1980|https://www.familysearch.org/indexing/admin-new/#/projects/BBAAD840-13AA-4D2A-A481-583F595F2ECB/overview];[56464A2E-0653-4E6F-87B6-2530D72C97FA|https://www.familysearch.org/indexing/admin-new/#/projects/BBAAD840-13AA-4D2A-A481-583F595F2ECB/manage/56464A2E-0653-4E6F-87B6-2530D72C97FA/batches/list];READY_FOR_DELIVERY;
104910861;18-0127: Wisconsin, Wisconsin Vital Records Office, Birth Records, 1964-1980 - (Ancestry 47754) - FSI \\ 18-1425: Wisconsin, Wisconsin Vital Records Office, Birth Records, 1964-1980 - (ACOM, NED IMAGES, ROC ONLY) - FSI;[US, Wisconsin—Birth Records, 1964–1980|https://www.familysearch.org/indexing/admin-new/#/projects/BBAAD840-13AA-4D2A-A481-583F595F2ECB/overview] \\ [US, Wisconsin—Birth Records, Charge-Out Forms, 1964–1980 \[Part B\]|https://www.familysearch.org/indexing/admin-new/#/projects/D2FF9F8F-D129-4383-A197-A48C5E4B06D3/overview];In Production \\ In Production;[US, Wisconsin—Birth Records, 1964–1980|https://www.familysearch.org/indexing/admin-new/#/projects/BBAAD840-13AA-4D2A-A481-583F595F2ECB/overview];[62D765FF-3D01-4BC0-A983-4A616F2F2B75|https://www.familysearch.org/indexing/admin-new/#/projects/BBAAD840-13AA-4D2A-A481-583F595F2ECB/manage/62D765FF-3D01-4BC0-A983-4A616F2F2B75/batches/list];READY_FOR_DELIVERY;
104910862;18-0127: Wisconsin, Wisconsin Vital Records Office, Birth Records, 1964-1980 - (Ancestry 47754) - FSI \\ 18-1425: Wisconsin, Wisconsin Vital Records Office, Birth Records, 1964-1980 - (ACOM, NED IMAGES, ROC ONLY) - FSI;[US, Wisconsin—Birth Records, 1964–1980|https://www.familysearch.org/indexing/admin-new/#/projects/BBAAD840-13AA-4D2A-A481-583F595F2ECB/overview] \\ [US, Wisconsin—Birth Records, Charge-Out Forms, 1964–1980 \[Part B\]|https://www.familysearch.org/indexing/admin-new/#/projects/D2FF9F8F-D129-4383-A197-A48C5E4B06D3/overview];In Production \\ In Production;[US, Wisconsin—Birth Records, 1964–1980|https://www.familysearch.org/indexing/admin-new/#/projects/BBAAD840-13AA-4D2A-A481-583F595F2ECB/overview];[F02146DF-BFAB-4256-A664-098D28665B46|https://www.familysearch.org/indexing/admin-new/#/projects/BBAAD840-13AA-4D2A-A481-583F595F2ECB/manage/F02146DF-BFAB-4256-A664-098D28665B46/batches/list];READY_FOR_DELIVERY;
104910863;18-0127: Wisconsin, Wisconsin Vital Records Office, Birth Records, 1964-1980 - (Ancestry 47754) - FSI \\ 18-1425: Wisconsin, Wisconsin Vital Records Office, Birth Records, 1964-1980 - (ACOM, NED IMAGES, ROC ONLY) - FSI;[US, Wisconsin—Birth Records, 1964–1980|https://www.familysearch.org/indexing/admin-new/#/projects/BBAAD840-13AA-4D2A-A481-583F595F2ECB/overview] \\ [US, Wisconsin—Birth Records, Charge-Out Forms, 1964–1980 \[Part B\]|https://www.familysearch.org/indexing/admin-new/#/projects/D2FF9F8F-D129-4383-A197-A48C5E4B06D3/overview];In Production \\ In Production;[US, Wisconsin—Birth Records, 1964–1980|https://www.familysearch.org/indexing/admin-new/#/projects/BBAAD840-13AA-4D2A-A481-583F595F2ECB/overview];[8E8ED41F-1B29-486F-B678-0CB4C5BC3A82|https://www.familysearch.org/indexing/admin-new/#/projects/BBAAD840-13AA-4D2A-A481-583F595F2ECB/manage/8E8ED41F-1B29-486F-B678-0CB4C5BC3A82/batches/list];READY_FOR_DELIVERY;
104910864;18-0127: Wisconsin, Wisconsin Vital Records Office, Birth Records, 1964-1980 - (Ancestry 47754) - FSI \\ 18-1425: Wisconsin, Wisconsin Vital Records Office, Birth Records, 1964-1980 - (ACOM, NED IMAGES, ROC ONLY) - FSI;[US, Wisconsin—Birth Records, 1964–1980|https://www.familysearch.org/indexing/admin-new/#/projects/BBAAD840-13AA-4D2A-A481-583F595F2ECB/overview] \\ [US, Wisconsin—Birth Records, Charge-Out Forms, 1964–1980 \[Part B\]|https://www.familysearch.org/indexing/admin-new/#/projects/D2FF9F8F-D129-4383-A197-A48C5E4B06D3/overview];In Production \\ In Production;[US, Wisconsin—Birth Records, 1964–1980|https://www.familysearch.org/indexing/admin-new/#/projects/BBAAD840-13AA-4D2A-A481-583F595F2ECB/overview];[F4935D48-83ED-4B3D-BEF7-C0488BDD7F44|https://www.familysearch.org/indexing/admin-new/#/projects/BBAAD840-13AA-4D2A-A481-583F595F2ECB/manage/F4935D48-83ED-4B3D-BEF7-C0488BDD7F44/batches/list];READY_FOR_DELIVERY;
104910865;18-0127: Wisconsin, Wisconsin Vital Records Office, Birth Records, 1964-1980 - (Ancestry 47754) - FSI \\ 18-1425: Wisconsin, Wisconsin Vital Records Office, Birth Records, 1964-1980 - (ACOM, NED IMAGES, ROC ONLY) - FSI;[US, Wisconsin—Birth Records, 1964–1980|https://www.familysearch.org/indexing/admin-new/#/projects/BBAAD840-13AA-4D2A-A481-583F595F2ECB/overview] \\ [US, Wisconsin—Birth Records, Charge-Out Forms, 1964–1980 \[Part B\]|https://www.familysearch.org/indexing/admin-new/#/projects/D2FF9F8F-D129-4383-A197-A48C5E4B06D3/overview];In Production \\ In Production;[US, Wisconsin—Birth Records, 1964–1980|https://www.familysearch.org/indexing/admin-new/#/projects/BBAAD840-13AA-4D2A-A481-583F595F2ECB/overview];[9B5164C8-722D-4DEF-8458-65102419AB4B|https://www.familysearch.org/indexing/admin-new/#/projects/BBAAD840-13AA-4D2A-A481-583F595F2ECB/manage/9B5164C8-722D-4DEF-8458-65102419AB4B/batches/list];READY_FOR_DELIVERY;
104910866;18-0127: Wisconsin, Wisconsin Vital Records Office, Birth Records, 1964-1980 - (Ancestry 47754) - FSI \\ 18-1425: Wisconsin, Wisconsin Vital Records Office, Birth Records, 1964-1980 - (ACOM, NED IMAGES, ROC ONLY) - FSI;[US, Wisconsin—Birth Records, 1964–1980|https://www.familysearch.org/indexing/admin-new/#/projects/BBAAD840-13AA-4D2A-A481-583F595F2ECB/overview] \\ [US, Wisconsin—Birth Records, Charge-Out Forms, 1964–1980 \[Part B\]|https://www.familysearch.org/indexing/admin-new/#/projects/D2FF9F8F-D129-4383-A197-A48C5E4B06D3/overview];In Production \\ In Production;[US, Wisconsin—Birth Records, 1964–1980|https://www.familysearch.org/indexing/admin-new/#/projects/BBAAD840-13AA-4D2A-A481-583F595F2ECB/overview];[8C1066C2-6BDE-4850-BEA9-60B004A05BC9|https://www.familysearch.org/indexing/admin-new/#/projects/BBAAD840-13AA-4D2A-A481-583F595F2ECB/manage/8C1066C2-6BDE-4850-BEA9-60B004A05BC9/batches/list];READY_FOR_DELIVERY;
104910867;18-0127: Wisconsin, Wisconsin Vital Records Office, Birth Records, 1964-1980 - (Ancestry 47754) - FSI \\ 18-1425: Wisconsin, Wisconsin Vital Records Office, Birth Records, 1964-1980 - (ACOM, NED IMAGES, ROC ONLY) - FSI;[US, Wisconsin—Birth Records, 1964–1980|https://www.familysearch.org/indexing/admin-new/#/projects/BBAAD840-13AA-4D2A-A481-583F595F2ECB/overview] \\ [US, Wisconsin—Birth Records, Charge-Out Forms, 1964–1980 \[Part B\]|https://www.familysearch.org/indexing/admin-new/#/projects/D2FF9F8F-D129-4383-A197-A48C5E4B06D3/overview];In Production \\ In Production;[US, Wisconsin—Birth Records, 1964–1980|https://www.familysearch.org/indexing/admin-new/#/projects/BBAAD840-13AA-4D2A-A481-583F595F2ECB/overview];[4B45F0D1-F877-4D5A-AFC0-CEEE29814B1E|https://www.familysearch.org/indexing/admin-new/#/projects/BBAAD840-13AA-4D2A-A481-583F595F2ECB/manage/4B45F0D1-F877-4D5A-AFC0-CEEE29814B1E/batches/list];READY_FOR_DELIVERY;
104910868;18-0127: Wisconsin, Wisconsin Vital Records Office, Birth Records, 1964-1980 - (Ancestry 47754) - FSI \\ 18-1425: Wisconsin, Wisconsin Vital Records Office, Birth Records, 1964-1980 - (ACOM, NED IMAGES, ROC ONLY) - FSI;[US, Wisconsin—Birth Records, 1964–1980|https://www.familysearch.org/indexing/admin-new/#/projects/BBAAD840-13AA-4D2A-A481-583F595F2ECB/overview] \\ [US, Wisconsin—Birth Records, Charge-Out Forms, 1964–1980 \[Part B\]|https://www.familysearch.org/indexing/admin-new/#/projects/D2FF9F8F-D129-4383-A197-A48C5E4B06D3/overview];In Production \\ In Production;[US, Wisconsin—Birth Records, 1964–1980|https://www.familysearch.org/indexing/admin-new/#/projects/BBAAD840-13AA-4D2A-A481-583F595F2ECB/overview];[939A4FE4-6738-4F10-9056-761481EE4E18|https://www.familysearch.org/indexing/admin-new/#/projects/BBAAD840-13AA-4D2A-A481-583F595F2ECB/manage/939A4FE4-6738-4F10-9056-761481EE4E18/batches/list];READY_FOR_DELIVERY;
104910869;18-0127: Wisconsin, Wisconsin Vital Records Office, Birth Records, 1964-1980 - (Ancestry 47754) - FSI \\ 18-1425: Wisconsin, Wisconsin Vital Records Office, Birth Records, 1964-1980 - (ACOM, NED IMAGES, ROC ONLY) - FSI;[US, Wisconsin—Birth Records, 1964–1980|https://www.familysearch.org/indexing/admin-new/#/projects/BBAAD840-13AA-4D2A-A481-583F595F2ECB/overview] \\ [US, Wisconsin—Birth Records, Charge-Out Forms, 1964–1980 \[Part B\]|https://www.familysearch.org/indexing/admin-new/#/projects/D2FF9F8F-D129-4383-A197-A48C5E4B06D3/overview];In Production \\ In Production;[US, Wisconsin—Birth Records, 1964–1980|https://www.familysearch.org/indexing/admin-new/#/projects/BBAAD840-13AA-4D2A-A481-583F595F2ECB/overview];[98967788-6402-4A1C-951C-B2B6FA7A5327|https://www.familysearch.org/indexing/admin-new/#/projects/BBAAD840-13AA-4D2A-A481-583F595F2ECB/manage/98967788-6402-4A1C-951C-B2B6FA7A5327/batches/list];READY_FOR_DELIVERY;
104910870;18-0127: Wisconsin, Wisconsin Vital Records Office, Birth Records, 1964-1980 - (Ancestry 47754) - FSI \\ 18-1425: Wisconsin, Wisconsin Vital Records Office, Birth Records, 1964-1980 - (ACOM, NED IMAGES, ROC ONLY) - FSI;[US, Wisconsin—Birth Records, 1964–1980|https://www.familysearch.org/indexing/admin-new/#/projects/BBAAD840-13AA-4D2A-A481-583F595F2ECB/overview] \\ [US, Wisconsin—Birth Records, Charge-Out Forms, 1964–1980 \[Part B\]|https://www.familysearch.org/indexing/admin-new/#/projects/D2FF9F8F-D129-4383-A197-A48C5E4B06D3/overview];In Production \\ In Production;[US, Wisconsin—Birth Records, 1964–1980|https://www.familysearch.org/indexing/admin-new/#/projects/BBAAD840-13AA-4D2A-A481-583F595F2ECB/overview];[B278CB9F-9B6D-4B33-9D83-AA443F1BB762|https://www.familysearch.org/indexing/admin-new/#/projects/BBAAD840-13AA-4D2A-A481-583F595F2ECB/manage/B278CB9F-9B6D-4B33-9D83-AA443F1BB762/batches/list];READY_FOR_DELIVERY;
104910871;18-0127: Wisconsin, Wisconsin Vital Records Office, Birth Records, 1964-1980 - (Ancestry 47754) - FSI \\ 18-1425: Wisconsin, Wisconsin Vital Records Office, Birth Records, 1964-1980 - (ACOM, NED IMAGES, ROC ONLY) - FSI;[US, Wisconsin—Birth Records, 1964–1980|https://www.familysearch.org/indexing/admin-new/#/projects/BBAAD840-13AA-4D2A-A481-583F595F2ECB/overview] \\ [US, Wisconsin—Birth Records, Charge-Out Forms, 1964–1980 \[Part B\]|https://www.familysearch.org/indexing/admin-new/#/projects/D2FF9F8F-D129-4383-A197-A48C5E4B06D3/overview];In Production \\ In Production;[US, Wisconsin—Birth Records, 1964–1980|https://www.familysearch.org/indexing/admin-new/#/projects/BBAAD840-13AA-4D2A-A481-583F595F2ECB/overview];[37666B72-00E4-46FA-880A-A920A3A13BC2|https://www.familysearch.org/indexing/admin-new/#/projects/BBAAD840-13AA-4D2A-A481-583F595F2ECB/manage/37666B72-00E4-46FA-880A-A920A3A13BC2/batches/list];READY_FOR_DELIVERY;
104910872;18-0127: Wisconsin, Wisconsin Vital Records Office, Birth Records, 1964-1980 - (Ancestry 47754) - FSI \\ 18-1425: Wisconsin, Wisconsin Vital Records Office, Birth Records, 1964-1980 - (ACOM, NED IMAGES, ROC ONLY) - FSI;[US, Wisconsin—Birth Records, 1964–1980|https://www.familysearch.org/indexing/admin-new/#/projects/BBAAD840-13AA-4D2A-A481-583F595F2ECB/overview] \\ [US, Wisconsin—Birth Records, Charge-Out Forms, 1964–1980 \[Part B\]|https://www.familysearch.org/indexing/admin-new/#/projects/D2FF9F8F-D129-4383-A197-A48C5E4B06D3/overview];In Production \\ In Production;[US, Wisconsin—Birth Records, 1964–1980|https://www.familysearch.org/indexing/admin-new/#/projects/BBAAD840-13AA-4D2A-A481-583F595F2ECB/overview];[5C3DD558-3040-4E38-BB3A-F8368830CF19|https://www.familysearch.org/indexing/admin-new/#/projects/BBAAD840-13AA-4D2A-A481-583F595F2ECB/manage/5C3DD558-3040-4E38-BB3A-F8368830CF19/batches/list];READY_FOR_DELIVERY;
104910873;18-0127: Wisconsin, Wisconsin Vital Records Office, Birth Records, 1964-1980 - (Ancestry 47754) - FSI \\ 18-1425: Wisconsin, Wisconsin Vital Records Office, Birth Records, 1964-1980 - (ACOM, NED IMAGES, ROC ONLY) - FSI;[US, Wisconsin—Birth Records, 1964–1980|https://www.familysearch.org/indexing/admin-new/#/projects/BBAAD840-13AA-4D2A-A481-583F595F2ECB/overview] \\ [US, Wisconsin—Birth Records, Charge-Out Forms, 1964–1980 \[Part B\]|https://www.familysearch.org/indexing/admin-new/#/projects/D2FF9F8F-D129-4383-A197-A48C5E4B06D3/overview];In Production \\ In Production;[US, Wisconsin—Birth Records, 1964–1980|https://www.familysearch.org/indexing/admin-new/#/projects/BBAAD840-13AA-4D2A-A481-583F595F2ECB/overview];[AB03857D-3BCA-4628-9A6F-36B2EF760E9C|https://www.familysearch.org/indexing/admin-new/#/projects/BBAAD840-13AA-4D2A-A481-583F595F2ECB/manage/AB03857D-3BCA-4628-9A6F-36B2EF760E9C/batches/list];READY_FOR_DELIVERY;
104910874;18-0127: Wisconsin, Wisconsin Vital Records Office, Birth Records, 1964-1980 - (Ancestry 47754) - FSI \\ 18-1425: Wisconsin, Wisconsin Vital Records Office, Birth Records, 1964-1980 - (ACOM, NED IMAGES, ROC ONLY) - FSI;[US, Wisconsin—Birth Records, 1964–1980|https://www.familysearch.org/indexing/admin-new/#/projects/BBAAD840-13AA-4D2A-A481-583F595F2ECB/overview] \\ [US, Wisconsin—Birth Records, Charge-Out Forms, 1964–1980 \[Part B\]|https://www.familysearch.org/indexing/admin-new/#/projects/D2FF9F8F-D129-4383-A197-A48C5E4B06D3/overview];In Production \\ In Production;[US, Wisconsin—Birth Records, 1964–1980|https://www.familysearch.org/indexing/admin-new/#/projects/BBAAD840-13AA-4D2A-A481-583F595F2ECB/overview];[126B632D-7A86-4C6B-8F25-6F54C5F8B1E2|https://www.familysearch.org/indexing/admin-new/#/projects/BBAAD840-13AA-4D2A-A481-583F595F2ECB/manage/126B632D-7A86-4C6B-8F25-6F54C5F8B1E2/batches/list];READY_FOR_DELIVERY;
104910875;18-0127: Wisconsin, Wisconsin Vital Records Office, Birth Records, 1964-1980 - (Ancestry 47754) - FSI \\ 18-1425: Wisconsin, Wisconsin Vital Records Office, Birth Records, 1964-1980 - (ACOM, NED IMAGES, ROC ONLY) - FSI;[US, Wisconsin—Birth Records, 1964–1980|https://www.familysearch.org/indexing/admin-new/#/projects/BBAAD840-13AA-4D2A-A481-583F595F2ECB/overview] \\ [US, Wisconsin—Birth Records, Charge-Out Forms, 1964–1980 \[Part B\]|https://www.familysearch.org/indexing/admin-new/#/projects/D2FF9F8F-D129-4383-A197-A48C5E4B06D3/overview];In Production \\ In Production;[US, Wisconsin—Birth Records, 1964–1980|https://www.familysearch.org/indexing/admin-new/#/projects/BBAAD840-13AA-4D2A-A481-583F595F2ECB/overview];[27631C94-C6DB-4E66-9CF9-ECFCA0821561|https://www.familysearch.org/indexing/admin-new/#/projects/BBAAD840-13AA-4D2A-A481-583F595F2ECB/manage/27631C94-C6DB-4E66-9CF9-ECFCA0821561/batches/list];READY_FOR_DELIVERY;
104910876;18-0127: Wisconsin, Wisconsin Vital Records Office, Birth Records, 1964-1980 - (Ancestry 47754) - FSI \\ 18-1425: Wisconsin, Wisconsin Vital Records Office, Birth Records, 1964-1980 - (ACOM, NED IMAGES, ROC ONLY) - FSI;[US, Wisconsin—Birth Records, 1964–1980|https://www.familysearch.org/indexing/admin-new/#/projects/BBAAD840-13AA-4D2A-A481-583F595F2ECB/overview] \\ [US, Wisconsin—Birth Records, Charge-Out Forms, 1964–1980 \[Part B\]|https://www.familysearch.org/indexing/admin-new/#/projects/D2FF9F8F-D129-4383-A197-A48C5E4B06D3/overview];In Production \\ In Production;[US, Wisconsin—Birth Records, 1964–1980|https://www.familysearch.org/indexing/admin-new/#/projects/BBAAD840-13AA-4D2A-A481-583F595F2ECB/overview];[2FC7FD7A-4E5C-4C82-B698-532FD473DA9A|https://www.familysearch.org/indexing/admin-new/#/projects/BBAAD840-13AA-4D2A-A481-583F595F2ECB/manage/2FC7FD7A-4E5C-4C82-B698-532FD473DA9A/batches/list];READY_FOR_DELIVERY;
104910877;18-0127: Wisconsin, Wisconsin Vital Records Office, Birth Records, 1964-1980 - (Ancestry 47754) - FSI \\ 18-1425: Wisconsin, Wisconsin Vital Records Office, Birth Records, 1964-1980 - (ACOM, NED IMAGES, ROC ONLY) - FSI;[US, Wisconsin—Birth Records, 1964–1980|https://www.familysearch.org/indexing/admin-new/#/projects/BBAAD840-13AA-4D2A-A481-583F595F2ECB/overview] \\ [US, Wisconsin—Birth Records, Charge-Out Forms, 1964–1980 \[Part B\]|https://www.familysearch.org/indexing/admin-new/#/projects/D2FF9F8F-D129-4383-A197-A48C5E4B06D3/overview];In Production \\ In Production;[US, Wisconsin—Birth Records, 1964–1980|https://www.familysearch.org/indexing/admin-new/#/projects/BBAAD840-13AA-4D2A-A481-583F595F2ECB/overview];[4638210E-17F9-429C-BA00-CBB57A586CBA|https://www.familysearch.org/indexing/admin-new/#/projects/BBAAD840-13AA-4D2A-A481-583F595F2ECB/manage/4638210E-17F9-429C-BA00-CBB57A586CBA/batches/list];READY_FOR_DELIVERY;
104910878;18-0127: Wisconsin, Wisconsin Vital Records Office, Birth Records, 1964-1980 - (Ancestry 47754) - FSI \\ 18-1425: Wisconsin, Wisconsin Vital Records Office, Birth Records, 1964-1980 - (ACOM, NED IMAGES, ROC ONLY) - FSI;[US, Wisconsin—Birth Records, 1964–1980|https://www.familysearch.org/indexing/admin-new/#/projects/BBAAD840-13AA-4D2A-A481-583F595F2ECB/overview] \\ [US, Wisconsin—Birth Records, Charge-Out Forms, 1964–1980 \[Part B\]|https://www.familysearch.org/indexing/admin-new/#/projects/D2FF9F8F-D129-4383-A197-A48C5E4B06D3/overview];In Production \\ In Production;[US, Wisconsin—Birth Records, 1964–1980|https://www.familysearch.org/indexing/admin-new/#/projects/BBAAD840-13AA-4D2A-A481-583F595F2ECB/overview];[3F4E7350-8941-45D7-B340-2CFDB08AFE11|https://www.familysearch.org/indexing/admin-new/#/projects/BBAAD840-13AA-4D2A-A481-583F595F2ECB/manage/3F4E7350-8941-45D7-B340-2CFDB08AFE11/batches/list];READY_FOR_DELIVERY;
104910879;18-0127: Wisconsin, Wisconsin Vital Records Office, Birth Records, 1964-1980 - (Ancestry 47754) - FSI \\ 18-1425: Wisconsin, Wisconsin Vital Records Office, Birth Records, 1964-1980 - (ACOM, NED IMAGES, ROC ONLY) - FSI;[US, Wisconsin—Birth Records, 1964–1980|https://www.familysearch.org/indexing/admin-new/#/projects/BBAAD840-13AA-4D2A-A481-583F595F2ECB/overview] \\ [US, Wisconsin—Birth Records, Charge-Out Forms, 1964–1980 \[Part B\]|https://www.familysearch.org/indexing/admin-new/#/projects/D2FF9F8F-D129-4383-A197-A48C5E4B06D3/overview];In Production \\ In Production;[US, Wisconsin—Birth Records, 1964–1980|https://www.familysearch.org/indexing/admin-new/#/projects/BBAAD840-13AA-4D2A-A481-583F595F2ECB/overview];[EF1E51CF-923D-41CA-B0B0-C4A4012F0A70|https://www.familysearch.org/indexing/admin-new/#/projects/BBAAD840-13AA-4D2A-A481-583F595F2ECB/manage/EF1E51CF-923D-41CA-B0B0-C4A4012F0A70/batches/list];READY_FOR_DELIVERY;
104910880;18-0127: Wisconsin, Wisconsin Vital Records Office, Birth Records, 1964-1980 - (Ancestry 47754) - FSI \\ 18-1425: Wisconsin, Wisconsin Vital Records Office, Birth Records, 1964-1980 - (ACOM, NED IMAGES, ROC ONLY) - FSI;[US, Wisconsin—Birth Records, 1964–1980|https://www.familysearch.org/indexing/admin-new/#/projects/BBAAD840-13AA-4D2A-A481-583F595F2ECB/overview] \\ [US, Wisconsin—Birth Records, Charge-Out Forms, 1964–1980 \[Part B\]|https://www.familysearch.org/indexing/admin-new/#/projects/D2FF9F8F-D129-4383-A197-A48C5E4B06D3/overview];In Production \\ In Production;[US, Wisconsin—Birth Records, 1964–1980|https://www.familysearch.org/indexing/admin-new/#/projects/BBAAD840-13AA-4D2A-A481-583F595F2ECB/overview];[11E852CF-3576-4C01-A8B7-47E5DD512DB6|https://www.familysearch.org/indexing/admin-new/#/projects/BBAAD840-13AA-4D2A-A481-583F595F2ECB/manage/11E852CF-3576-4C01-A8B7-47E5DD512DB6/batches/list];READY_FOR_DELIVERY;
104910881;18-0127: Wisconsin, Wisconsin Vital Records Office, Birth Records, 1964-1980 - (Ancestry 47754) - FSI \\ 18-1425: Wisconsin, Wisconsin Vital Records Office, Birth Records, 1964-1980 - (ACOM, NED IMAGES, ROC ONLY) - FSI;[US, Wisconsin—Birth Records, 1964–1980|https://www.familysearch.org/indexing/admin-new/#/projects/BBAAD840-13AA-4D2A-A481-583F595F2ECB/overview] \\ [US, Wisconsin—Birth Records, Charge-Out Forms, 1964–1980 \[Part B\]|https://www.familysearch.org/indexing/admin-new/#/projects/D2FF9F8F-D129-4383-A197-A48C5E4B06D3/overview];In Production \\ In Production;[US, Wisconsin—Birth Records, 1964–1980|https://www.familysearch.org/indexing/admin-new/#/projects/BBAAD840-13AA-4D2A-A481-583F595F2ECB/overview];[7024115E-D134-46CF-BF69-C1CC96284611|https://www.familysearch.org/indexing/admin-new/#/projects/BBAAD840-13AA-4D2A-A481-583F595F2ECB/manage/7024115E-D134-46CF-BF69-C1CC96284611/batches/list];READY_FOR_DELIVERY;
104910882;18-0127: Wisconsin, Wisconsin Vital Records Office, Birth Records, 1964-1980 - (Ancestry 47754) - FSI \\ 18-1425: Wisconsin, Wisconsin Vital Records Office, Birth Records, 1964-1980 - (ACOM, NED IMAGES, ROC ONLY) - FSI;[US, Wisconsin—Birth Records, 1964–1980|https://www.familysearch.org/indexing/admin-new/#/projects/BBAAD840-13AA-4D2A-A481-583F595F2ECB/overview] \\ [US, Wisconsin—Birth Records, Charge-Out Forms, 1964–1980 \[Part B\]|https://www.familysearch.org/indexing/admin-new/#/projects/D2FF9F8F-D129-4383-A197-A48C5E4B06D3/overview];In Production \\ In Production;[US, Wisconsin—Birth Records, 1964–1980|https://www.familysearch.org/indexing/admin-new/#/projects/BBAAD840-13AA-4D2A-A481-583F595F2ECB/overview];[F09D3A12-158F-486C-8FF3-4B4DC5237AD3|https://www.familysearch.org/indexing/admin-new/#/projects/BBAAD840-13AA-4D2A-A481-583F595F2ECB/manage/F09D3A12-158F-486C-8FF3-4B4DC5237AD3/batches/list];READY_FOR_DELIVERY;
104910883;18-0127: Wisconsin, Wisconsin Vital Records Office, Birth Records, 1964-1980 - (Ancestry 47754) - FSI \\ 18-1425: Wisconsin, Wisconsin Vital Records Office, Birth Records, 1964-1980 - (ACOM, NED IMAGES, ROC ONLY) - FSI;[US, Wisconsin—Birth Records, 1964–1980|https://www.familysearch.org/indexing/admin-new/#/projects/BBAAD840-13AA-4D2A-A481-583F595F2ECB/overview] \\ [US, Wisconsin—Birth Records, Charge-Out Forms, 1964–1980 \[Part B\]|https://www.familysearch.org/indexing/admin-new/#/projects/D2FF9F8F-D129-4383-A197-A48C5E4B06D3/overview];In Production \\ In Production;[US, Wisconsin—Birth Records, 1964–1980|https://www.familysearch.org/indexing/admin-new/#/projects/BBAAD840-13AA-4D2A-A481-583F595F2ECB/overview];[39D8376F-0D29-49E9-BC1F-833F99BBCF7B|https://www.familysearch.org/indexing/admin-new/#/projects/BBAAD840-13AA-4D2A-A481-583F595F2ECB/manage/39D8376F-0D29-49E9-BC1F-833F99BBCF7B/batches/list];READY_FOR_DELIVERY;
104910884;18-0127: Wisconsin, Wisconsin Vital Records Office, Birth Records, 1964-1980 - (Ancestry 47754) - FSI \\ 18-1425: Wisconsin, Wisconsin Vital Records Office, Birth Records, 1964-1980 - (ACOM, NED IMAGES, ROC ONLY) - FSI;[US, Wisconsin—Birth Records, 1964–1980|https://www.familysearch.org/indexing/admin-new/#/projects/BBAAD840-13AA-4D2A-A481-583F595F2ECB/overview] \\ [US, Wisconsin—Birth Records, Charge-Out Forms, 1964–1980 \[Part B\]|https://www.familysearch.org/indexing/admin-new/#/projects/D2FF9F8F-D129-4383-A197-A48C5E4B06D3/overview];In Production \\ In Production;[US, Wisconsin—Birth Records, 1964–1980|https://www.familysearch.org/indexing/admin-new/#/projects/BBAAD840-13AA-4D2A-A481-583F595F2ECB/overview];[E8175D31-0155-4DE8-ABE7-23E33EC08D13|https://www.familysearch.org/indexing/admin-new/#/projects/BBAAD840-13AA-4D2A-A481-583F595F2ECB/manage/E8175D31-0155-4DE8-ABE7-23E33EC08D13/batches/list];READY_FOR_DELIVERY;
104910885;18-0127: Wisconsin, Wisconsin Vital Records Office, Birth Records, 1964-1980 - (Ancestry 47754) - FSI \\ 18-1425: Wisconsin, Wisconsin Vital Records Office, Birth Records, 1964-1980 - (ACOM, NED IMAGES, ROC ONLY) - FSI;[US, Wisconsin—Birth Records, 1964–1980|https://www.familysearch.org/indexing/admin-new/#/projects/BBAAD840-13AA-4D2A-A481-583F595F2ECB/overview] \\ [US, Wisconsin—Birth Records, Charge-Out Forms, 1964–1980 \[Part B\]|https://www.familysearch.org/indexing/admin-new/#/projects/D2FF9F8F-D129-4383-A197-A48C5E4B06D3/overview];In Production \\ In Production;[US, Wisconsin—Birth Records, 1964–1980|https://www.familysearch.org/indexing/admin-new/#/projects/BBAAD840-13AA-4D2A-A481-583F595F2ECB/overview];[4DEA4C1B-02DD-4938-A11C-B590B164FC7D|https://www.familysearch.org/indexing/admin-new/#/projects/BBAAD840-13AA-4D2A-A481-583F595F2ECB/manage/4DEA4C1B-02DD-4938-A11C-B590B164FC7D/batches/list];READY_FOR_DELIVERY;
104910886;18-0127: Wisconsin, Wisconsin Vital Records Office, Birth Records, 1964-1980 - (Ancestry 47754) - FSI \\ 18-1425: Wisconsin, Wisconsin Vital Records Office, Birth Records, 1964-1980 - (ACOM, NED IMAGES, ROC ONLY) - FSI;[US, Wisconsin—Birth Records, 1964–1980|https://www.familysearch.org/indexing/admin-new/#/projects/BBAAD840-13AA-4D2A-A481-583F595F2ECB/overview] \\ [US, Wisconsin—Birth Records, Charge-Out Forms, 1964–1980 \[Part B\]|https://www.familysearch.org/indexing/admin-new/#/projects/D2FF9F8F-D129-4383-A197-A48C5E4B06D3/overview];In Production \\ In Production;[US, Wisconsin—Birth Records, 1964–1980|https://www.familysearch.org/indexing/admin-new/#/projects/BBAAD840-13AA-4D2A-A481-583F595F2ECB/overview];[12DFCA89-8698-4159-A360-52D1491015CF|https://www.familysearch.org/indexing/admin-new/#/projects/BBAAD840-13AA-4D2A-A481-583F595F2ECB/manage/12DFCA89-8698-4159-A360-52D1491015CF/batches/list];READY_FOR_DELIVERY;
104910887;18-0127: Wisconsin, Wisconsin Vital Records Office, Birth Records, 1964-1980 - (Ancestry 47754) - FSI \\ 18-1425: Wisconsin, Wisconsin Vital Records Office, Birth Records, 1964-1980 - (ACOM, NED IMAGES, ROC ONLY) - FSI;[US, Wisconsin—Birth Records, 1964–1980|https://www.familysearch.org/indexing/admin-new/#/projects/BBAAD840-13AA-4D2A-A481-583F595F2ECB/overview] \\ [US, Wisconsin—Birth Records, Charge-Out Forms, 1964–1980 \[Part B\]|https://www.familysearch.org/indexing/admin-new/#/projects/D2FF9F8F-D129-4383-A197-A48C5E4B06D3/overview];In Production \\ In Production;[US, Wisconsin—Birth Records, 1964–1980|https://www.familysearch.org/indexing/admin-new/#/projects/BBAAD840-13AA-4D2A-A481-583F595F2ECB/overview];[051317E3-A83C-4FF2-90EA-949B04F02015|https://www.familysearch.org/indexing/admin-new/#/projects/BBAAD840-13AA-4D2A-A481-583F595F2ECB/manage/051317E3-A83C-4FF2-90EA-949B04F02015/batches/list];READY_FOR_DELIVERY;
104910888;18-0127: Wisconsin, Wisconsin Vital Records Office, Birth Records, 1964-1980 - (Ancestry 47754) - FSI \\ 18-1425: Wisconsin, Wisconsin Vital Records Office, Birth Records, 1964-1980 - (ACOM, NED IMAGES, ROC ONLY) - FSI;[US, Wisconsin—Birth Records, 1964–1980|https://www.familysearch.org/indexing/admin-new/#/projects/BBAAD840-13AA-4D2A-A481-583F595F2ECB/overview] \\ [US, Wisconsin—Birth Records, Charge-Out Forms, 1964–1980 \[Part B\]|https://www.familysearch.org/indexing/admin-new/#/projects/D2FF9F8F-D129-4383-A197-A48C5E4B06D3/overview];In Production \\ In Production;[US, Wisconsin—Birth Records, 1964–1980|https://www.familysearch.org/indexing/admin-new/#/projects/BBAAD840-13AA-4D2A-A481-583F595F2ECB/overview];[EE9805FC-2769-4901-8B26-BCE1F5B0E140|https://www.familysearch.org/indexing/admin-new/#/projects/BBAAD840-13AA-4D2A-A481-583F595F2ECB/manage/EE9805FC-2769-4901-8B26-BCE1F5B0E140/batches/list];READY_FOR_DELIVERY;
104910889;18-0127: Wisconsin, Wisconsin Vital Records Office, Birth Records, 1964-1980 - (Ancestry 47754) - FSI \\ 18-1425: Wisconsin, Wisconsin Vital Records Office, Birth Records, 1964-1980 - (ACOM, NED IMAGES, ROC ONLY) - FSI;[US, Wisconsin—Birth Records, 1964–1980|https://www.familysearch.org/indexing/admin-new/#/projects/BBAAD840-13AA-4D2A-A481-583F595F2ECB/overview] \\ [US, Wisconsin—Birth Records, Charge-Out Forms, 1964–1980 \[Part B\]|https://www.familysearch.org/indexing/admin-new/#/projects/D2FF9F8F-D129-4383-A197-A48C5E4B06D3/overview];In Production \\ In Production;[US, Wisconsin—Birth Records, 1964–1980|https://www.familysearch.org/indexing/admin-new/#/projects/BBAAD840-13AA-4D2A-A481-583F595F2ECB/overview];[7BA75690-C697-4FB3-8933-9558FD38D8D1|https://www.familysearch.org/indexing/admin-new/#/projects/BBAAD840-13AA-4D2A-A481-583F595F2ECB/manage/7BA75690-C697-4FB3-8933-9558FD38D8D1/batches/list];READY_FOR_DELIVERY;
104910890;18-0127: Wisconsin, Wisconsin Vital Records Office, Birth Records, 1964-1980 - (Ancestry 47754) - FSI \\ 18-1425: Wisconsin, Wisconsin Vital Records Office, Birth Records, 1964-1980 - (ACOM, NED IMAGES, ROC ONLY) - FSI;[US, Wisconsin—Birth Records, 1964–1980|https://www.familysearch.org/indexing/admin-new/#/projects/BBAAD840-13AA-4D2A-A481-583F595F2ECB/overview] \\ [US, Wisconsin—Birth Records, Charge-Out Forms, 1964–1980 \[Part B\]|https://www.familysearch.org/indexing/admin-new/#/projects/D2FF9F8F-D129-4383-A197-A48C5E4B06D3/overview];In Production \\ In Production;[US, Wisconsin—Birth Records, 1964–1980|https://www.familysearch.org/indexing/admin-new/#/projects/BBAAD840-13AA-4D2A-A481-583F595F2ECB/overview];[1222EC7C-6089-4738-8476-13ACED1D5526|https://www.familysearch.org/indexing/admin-new/#/projects/BBAAD840-13AA-4D2A-A481-583F595F2ECB/manage/1222EC7C-6089-4738-8476-13ACED1D5526/batches/list];READY_FOR_DELIVERY;
104910891;18-0127: Wisconsin, Wisconsin Vital Records Office, Birth Records, 1964-1980 - (Ancestry 47754) - FSI \\ 18-1425: Wisconsin, Wisconsin Vital Records Office, Birth Records, 1964-1980 - (ACOM, NED IMAGES, ROC ONLY) - FSI;[US, Wisconsin—Birth Records, 1964–1980|https://www.familysearch.org/indexing/admin-new/#/projects/BBAAD840-13AA-4D2A-A481-583F595F2ECB/overview] \\ [US, Wisconsin—Birth Records, Charge-Out Forms, 1964–1980 \[Part B\]|https://www.familysearch.org/indexing/admin-new/#/projects/D2FF9F8F-D129-4383-A197-A48C5E4B06D3/overview];In Production \\ In Production;[US, Wisconsin—Birth Records, 1964–1980|https://www.familysearch.org/indexing/admin-new/#/projects/BBAAD840-13AA-4D2A-A481-583F595F2ECB/overview];[BF7F7DB4-74B8-4569-AAD9-5FE2D9860269|https://www.familysearch.org/indexing/admin-new/#/projects/BBAAD840-13AA-4D2A-A481-583F595F2ECB/manage/BF7F7DB4-74B8-4569-AAD9-5FE2D9860269/batches/list];READY_FOR_DELIVERY;
104910892;18-0127: Wisconsin, Wisconsin Vital Records Office, Birth Records, 1964-1980 - (Ancestry 47754) - FSI \\ 18-1425: Wisconsin, Wisconsin Vital Records Office, Birth Records, 1964-1980 - (ACOM, NED IMAGES, ROC ONLY) - FSI;[US, Wisconsin—Birth Records, 1964–1980|https://www.familysearch.org/indexing/admin-new/#/projects/BBAAD840-13AA-4D2A-A481-583F595F2ECB/overview] \\ [US, Wisconsin—Birth Records, Charge-Out Forms, 1964–1980 \[Part B\]|https://www.familysearch.org/indexing/admin-new/#/projects/D2FF9F8F-D129-4383-A197-A48C5E4B06D3/overview];In Production \\ In Production;[US, Wisconsin—Birth Records, 1964–1980|https://www.familysearch.org/indexing/admin-new/#/projects/BBAAD840-13AA-4D2A-A481-583F595F2ECB/overview];[7179D3A6-8E87-4A53-A014-CFF8FC5EAF1E|https://www.familysearch.org/indexing/admin-new/#/projects/BBAAD840-13AA-4D2A-A481-583F595F2ECB/manage/7179D3A6-8E87-4A53-A014-CFF8FC5EAF1E/batches/list];READY_FOR_DELIVERY;
104910893;18-0127: Wisconsin, Wisconsin Vital Records Office, Birth Records, 1964-1980 - (Ancestry 47754) - FSI \\ 18-1425: Wisconsin, Wisconsin Vital Records Office, Birth Records, 1964-1980 - (ACOM, NED IMAGES, ROC ONLY) - FSI;[US, Wisconsin—Birth Records, 1964–1980|https://www.familysearch.org/indexing/admin-new/#/projects/BBAAD840-13AA-4D2A-A481-583F595F2ECB/overview] \\ [US, Wisconsin—Birth Records, Charge-Out Forms, 1964–1980 \[Part B\]|https://www.familysearch.org/indexing/admin-new/#/projects/D2FF9F8F-D129-4383-A197-A48C5E4B06D3/overview];In Production \\ In Production;[US, Wisconsin—Birth Records, 1964–1980|https://www.familysearch.org/indexing/admin-new/#/projects/BBAAD840-13AA-4D2A-A481-583F595F2ECB/overview];[553DCF98-832D-4965-8613-2762685E2CBF|https://www.familysearch.org/indexing/admin-new/#/projects/BBAAD840-13AA-4D2A-A481-583F595F2ECB/manage/553DCF98-832D-4965-8613-2762685E2CBF/batches/list];READY_FOR_DELIVERY;
104910894;18-0127: Wisconsin, Wisconsin Vital Records Office, Birth Records, 1964-1980 - (Ancestry 47754) - FSI \\ 18-1425: Wisconsin, Wisconsin Vital Records Office, Birth Records, 1964-1980 - (ACOM, NED IMAGES, ROC ONLY) - FSI;[US, Wisconsin—Birth Records, 1964–1980|https://www.familysearch.org/indexing/admin-new/#/projects/BBAAD840-13AA-4D2A-A481-583F595F2ECB/overview] \\ [US, Wisconsin—Birth Records, Charge-Out Forms, 1964–1980 \[Part B\]|https://www.familysearch.org/indexing/admin-new/#/projects/D2FF9F8F-D129-4383-A197-A48C5E4B06D3/overview];In Production \\ In Production;[US, Wisconsin—Birth Records, 1964–1980|https://www.familysearch.org/indexing/admin-new/#/projects/BBAAD840-13AA-4D2A-A481-583F595F2ECB/overview];[CAA794D6-01F3-44EF-B25D-157DC4DF07E5|https://www.familysearch.org/indexing/admin-new/#/projects/BBAAD840-13AA-4D2A-A481-583F595F2ECB/manage/CAA794D6-01F3-44EF-B25D-157DC4DF07E5/batches/list];READY_FOR_DELIVERY;
104910895;18-0127: Wisconsin, Wisconsin Vital Records Office, Birth Records, 1964-1980 - (Ancestry 47754) - FSI \\ 18-1425: Wisconsin, Wisconsin Vital Records Office, Birth Records, 1964-1980 - (ACOM, NED IMAGES, ROC ONLY) - FSI;[US, Wisconsin—Birth Records, 1964–1980|https://www.familysearch.org/indexing/admin-new/#/projects/BBAAD840-13AA-4D2A-A481-583F595F2ECB/overview] \\ [US, Wisconsin—Birth Records, Charge-Out Forms, 1964–1980 \[Part B\]|https://www.familysearch.org/indexing/admin-new/#/projects/D2FF9F8F-D129-4383-A197-A48C5E4B06D3/overview];In Production \\ In Production;[US, Wisconsin—Birth Records, 1964–1980|https://www.familysearch.org/indexing/admin-new/#/projects/BBAAD840-13AA-4D2A-A481-583F595F2ECB/overview];[8412C7E9-BC12-4C14-803E-3A0157D904A4|https://www.familysearch.org/indexing/admin-new/#/projects/BBAAD840-13AA-4D2A-A481-583F595F2ECB/manage/8412C7E9-BC12-4C14-803E-3A0157D904A4/batches/list];READY_FOR_DELIVERY;
104910896;18-0127: Wisconsin, Wisconsin Vital Records Office, Birth Records, 1964-1980 - (Ancestry 47754) - FSI \\ 18-1425: Wisconsin, Wisconsin Vital Records Office, Birth Records, 1964-1980 - (ACOM, NED IMAGES, ROC ONLY) - FSI;[US, Wisconsin—Birth Records, 1964–1980|https://www.familysearch.org/indexing/admin-new/#/projects/BBAAD840-13AA-4D2A-A481-583F595F2ECB/overview] \\ [US, Wisconsin—Birth Records, Charge-Out Forms, 1964–1980 \[Part B\]|https://www.familysearch.org/indexing/admin-new/#/projects/D2FF9F8F-D129-4383-A197-A48C5E4B06D3/overview];In Production \\ In Production;[US, Wisconsin—Birth Records, 1964–1980|https://www.familysearch.org/indexing/admin-new/#/projects/BBAAD840-13AA-4D2A-A481-583F595F2ECB/overview];[1228846C-DE66-42CF-AFE2-307529B8EB24|https://www.familysearch.org/indexing/admin-new/#/projects/BBAAD840-13AA-4D2A-A481-583F595F2ECB/manage/1228846C-DE66-42CF-AFE2-307529B8EB24/batches/list];READY_FOR_DELIVERY;
104910897;18-0127: Wisconsin, Wisconsin Vital Records Office, Birth Records, 1964-1980 - (Ancestry 47754) - FSI \\ 18-1425: Wisconsin, Wisconsin Vital Records Office, Birth Records, 1964-1980 - (ACOM, NED IMAGES, ROC ONLY) - FSI;[US, Wisconsin—Birth Records, 1964–1980|https://www.familysearch.org/indexing/admin-new/#/projects/BBAAD840-13AA-4D2A-A481-583F595F2ECB/overview] \\ [US, Wisconsin—Birth Records, Charge-Out Forms, 1964–1980 \[Part B\]|https://www.familysearch.org/indexing/admin-new/#/projects/D2FF9F8F-D129-4383-A197-A48C5E4B06D3/overview];In Production \\ In Production;[US, Wisconsin—Birth Records, 1964–1980|https://www.familysearch.org/indexing/admin-new/#/projects/BBAAD840-13AA-4D2A-A481-583F595F2ECB/overview];[E3373E1C-C69F-44A9-B677-057E9300C2B4|https://www.familysearch.org/indexing/admin-new/#/projects/BBAAD840-13AA-4D2A-A481-583F595F2ECB/manage/E3373E1C-C69F-44A9-B677-057E9300C2B4/batches/list];READY_FOR_DELIVERY;
104910898;18-0127: Wisconsin, Wisconsin Vital Records Office, Birth Records, 1964-1980 - (Ancestry 47754) - FSI \\ 18-1425: Wisconsin, Wisconsin Vital Records Office, Birth Records, 1964-1980 - (ACOM, NED IMAGES, ROC ONLY) - FSI;[US, Wisconsin—Birth Records, 1964–1980|https://www.familysearch.org/indexing/admin-new/#/projects/BBAAD840-13AA-4D2A-A481-583F595F2ECB/overview] \\ [US, Wisconsin—Birth Records, Charge-Out Forms, 1964–1980 \[Part B\]|https://www.familysearch.org/indexing/admin-new/#/projects/D2FF9F8F-D129-4383-A197-A48C5E4B06D3/overview];In Production \\ In Production;[US, Wisconsin—Birth Records, 1964–1980|https://www.familysearch.org/indexing/admin-new/#/projects/BBAAD840-13AA-4D2A-A481-583F595F2ECB/overview];[992603FE-5B86-4352-913E-1C5CD0138DD8|https://www.familysearch.org/indexing/admin-new/#/projects/BBAAD840-13AA-4D2A-A481-583F595F2ECB/manage/992603FE-5B86-4352-913E-1C5CD0138DD8/batches/list];READY_FOR_DELIVERY;
104910899;18-0127: Wisconsin, Wisconsin Vital Records Office, Birth Records, 1964-1980 - (Ancestry 47754) - FSI \\ 18-1425: Wisconsin, Wisconsin Vital Records Office, Birth Records, 1964-1980 - (ACOM, NED IMAGES, ROC ONLY) - FSI;[US, Wisconsin—Birth Records, 1964–1980|https://www.familysearch.org/indexing/admin-new/#/projects/BBAAD840-13AA-4D2A-A481-583F595F2ECB/overview] \\ [US, Wisconsin—Birth Records, Charge-Out Forms, 1964–1980 \[Part B\]|https://www.familysearch.org/indexing/admin-new/#/projects/D2FF9F8F-D129-4383-A197-A48C5E4B06D3/overview];In Production \\ In Production;[US, Wisconsin—Birth Records, 1964–1980|https://www.familysearch.org/indexing/admin-new/#/projects/BBAAD840-13AA-4D2A-A481-583F595F2ECB/overview];[F82CB037-3EFF-4B82-B7AC-EF95ABC274FA|https://www.familysearch.org/indexing/admin-new/#/projects/BBAAD840-13AA-4D2A-A481-583F595F2ECB/manage/F82CB037-3EFF-4B82-B7AC-EF95ABC274FA/batches/list];READY_FOR_DELIVERY;
104910900;18-0127: Wisconsin, Wisconsin Vital Records Office, Birth Records, 1964-1980 - (Ancestry 47754) - FSI \\ 18-1425: Wisconsin, Wisconsin Vital Records Office, Birth Records, 1964-1980 - (ACOM, NED IMAGES, ROC ONLY) - FSI;[US, Wisconsin—Birth Records, 1964–1980|https://www.familysearch.org/indexing/admin-new/#/projects/BBAAD840-13AA-4D2A-A481-583F595F2ECB/overview] \\ [US, Wisconsin—Birth Records, Charge-Out Forms, 1964–1980 \[Part B\]|https://www.familysearch.org/indexing/admin-new/#/projects/D2FF9F8F-D129-4383-A197-A48C5E4B06D3/overview];In Production \\ In Production;[US, Wisconsin—Birth Records, 1964–1980|https://www.familysearch.org/indexing/admin-new/#/projects/BBAAD840-13AA-4D2A-A481-583F595F2ECB/overview];[3F8FFD57-03D9-4ED3-B0F7-7BBB04EF1060|https://www.familysearch.org/indexing/admin-new/#/projects/BBAAD840-13AA-4D2A-A481-583F595F2ECB/manage/3F8FFD57-03D9-4ED3-B0F7-7BBB04EF1060/batches/list];READY_FOR_DELIVERY;
104910901;18-0127: Wisconsin, Wisconsin Vital Records Office, Birth Records, 1964-1980 - (Ancestry 47754) - FSI \\ 18-1425: Wisconsin, Wisconsin Vital Records Office, Birth Records, 1964-1980 - (ACOM, NED IMAGES, ROC ONLY) - FSI;[US, Wisconsin—Birth Records, 1964–1980|https://www.familysearch.org/indexing/admin-new/#/projects/BBAAD840-13AA-4D2A-A481-583F595F2ECB/overview] \\ [US, Wisconsin—Birth Records, Charge-Out Forms, 1964–1980 \[Part B\]|https://www.familysearch.org/indexing/admin-new/#/projects/D2FF9F8F-D129-4383-A197-A48C5E4B06D3/overview];In Production \\ In Production;[US, Wisconsin—Birth Records, 1964–1980|https://www.familysearch.org/indexing/admin-new/#/projects/BBAAD840-13AA-4D2A-A481-583F595F2ECB/overview];[3019FDB2-DBEB-42A5-AB5F-F6FDB7603598|https://www.familysearch.org/indexing/admin-new/#/projects/BBAAD840-13AA-4D2A-A481-583F595F2ECB/manage/3019FDB2-DBEB-42A5-AB5F-F6FDB7603598/batches/list];READY_FOR_DELIVERY;
104910902;18-0127: Wisconsin, Wisconsin Vital Records Office, Birth Records, 1964-1980 - (Ancestry 47754) - FSI \\ 18-1425: Wisconsin, Wisconsin Vital Records Office, Birth Records, 1964-1980 - (ACOM, NED IMAGES, ROC ONLY) - FSI;[US, Wisconsin—Birth Records, 1964–1980|https://www.familysearch.org/indexing/admin-new/#/projects/BBAAD840-13AA-4D2A-A481-583F595F2ECB/overview] \\ [US, Wisconsin—Birth Records, Charge-Out Forms, 1964–1980 \[Part B\]|https://www.familysearch.org/indexing/admin-new/#/projects/D2FF9F8F-D129-4383-A197-A48C5E4B06D3/overview];In Production \\ In Production;[US, Wisconsin—Birth Records, 1964–1980|https://www.familysearch.org/indexing/admin-new/#/projects/BBAAD840-13AA-4D2A-A481-583F595F2ECB/overview];[2B266128-2F07-4FDA-A2C0-FD8ED6C5EDC2|https://www.familysearch.org/indexing/admin-new/#/projects/BBAAD840-13AA-4D2A-A481-583F595F2ECB/manage/2B266128-2F07-4FDA-A2C0-FD8ED6C5EDC2/batches/list];READY_FOR_DELIVERY;
104910903;18-0127: Wisconsin, Wisconsin Vital Records Office, Birth Records, 1964-1980 - (Ancestry 47754) - FSI \\ 18-1425: Wisconsin, Wisconsin Vital Records Office, Birth Records, 1964-1980 - (ACOM, NED IMAGES, ROC ONLY) - FSI;[US, Wisconsin—Birth Records, 1964–1980|https://www.familysearch.org/indexing/admin-new/#/projects/BBAAD840-13AA-4D2A-A481-583F595F2ECB/overview] \\ [US, Wisconsin—Birth Records, Charge-Out Forms, 1964–1980 \[Part B\]|https://www.familysearch.org/indexing/admin-new/#/projects/D2FF9F8F-D129-4383-A197-A48C5E4B06D3/overview];In Production \\ In Production;[US, Wisconsin—Birth Records, 1964–1980|https://www.familysearch.org/indexing/admin-new/#/projects/BBAAD840-13AA-4D2A-A481-583F595F2ECB/overview];[92840BBF-D5BB-4BCF-BC81-CD7282F565C1|https://www.familysearch.org/indexing/admin-new/#/projects/BBAAD840-13AA-4D2A-A481-583F595F2ECB/manage/92840BBF-D5BB-4BCF-BC81-CD7282F565C1/batches/list];READY_FOR_DELIVERY;
104910904;18-0127: Wisconsin, Wisconsin Vital Records Office, Birth Records, 1964-1980 - (Ancestry 47754) - FSI \\ 18-1425: Wisconsin, Wisconsin Vital Records Office, Birth Records, 1964-1980 - (ACOM, NED IMAGES, ROC ONLY) - FSI;[US, Wisconsin—Birth Records, 1964–1980|https://www.familysearch.org/indexing/admin-new/#/projects/BBAAD840-13AA-4D2A-A481-583F595F2ECB/overview] \\ [US, Wisconsin—Birth Records, Charge-Out Forms, 1964–1980 \[Part B\]|https://www.familysearch.org/indexing/admin-new/#/projects/D2FF9F8F-D129-4383-A197-A48C5E4B06D3/overview];In Production \\ In Production;[US, Wisconsin—Birth Records, 1964–1980|https://www.familysearch.org/indexing/admin-new/#/projects/BBAAD840-13AA-4D2A-A481-583F595F2ECB/overview];[D580131F-1380-48CB-BC99-175AC4C9F199|https://www.familysearch.org/indexing/admin-new/#/projects/BBAAD840-13AA-4D2A-A481-583F595F2ECB/manage/D580131F-1380-48CB-BC99-175AC4C9F199/batches/list];READY_FOR_DELIVERY;
104910905;18-0127: Wisconsin, Wisconsin Vital Records Office, Birth Records, 1964-1980 - (Ancestry 47754) - FSI \\ 18-1425: Wisconsin, Wisconsin Vital Records Office, Birth Records, 1964-1980 - (ACOM, NED IMAGES, ROC ONLY) - FSI;[US, Wisconsin—Birth Records, 1964–1980|https://www.familysearch.org/indexing/admin-new/#/projects/BBAAD840-13AA-4D2A-A481-583F595F2ECB/overview] \\ [US, Wisconsin—Birth Records, Charge-Out Forms, 1964–1980 \[Part B\]|https://www.familysearch.org/indexing/admin-new/#/projects/D2FF9F8F-D129-4383-A197-A48C5E4B06D3/overview];In Production \\ In Production;[US, Wisconsin—Birth Records, 1964–1980|https://www.familysearch.org/indexing/admin-new/#/projects/BBAAD840-13AA-4D2A-A481-583F595F2ECB/overview];[55ECC02D-F43E-4985-BB37-1BC8B513253C|https://www.familysearch.org/indexing/admin-new/#/projects/BBAAD840-13AA-4D2A-A481-583F595F2ECB/manage/55ECC02D-F43E-4985-BB37-1BC8B513253C/batches/list];READY_FOR_DELIVERY;
104910906;18-0127: Wisconsin, Wisconsin Vital Records Office, Birth Records, 1964-1980 - (Ancestry 47754) - FSI \\ 18-1425: Wisconsin, Wisconsin Vital Records Office, Birth Records, 1964-1980 - (ACOM, NED IMAGES, ROC ONLY) - FSI;[US, Wisconsin—Birth Records, 1964–1980|https://www.familysearch.org/indexing/admin-new/#/projects/BBAAD840-13AA-4D2A-A481-583F595F2ECB/overview] \\ [US, Wisconsin—Birth Records, Charge-Out Forms, 1964–1980 \[Part B\]|https://www.familysearch.org/indexing/admin-new/#/projects/D2FF9F8F-D129-4383-A197-A48C5E4B06D3/overview];In Production \\ In Production;[US, Wisconsin—Birth Records, 1964–1980|https://www.familysearch.org/indexing/admin-new/#/projects/BBAAD840-13AA-4D2A-A481-583F595F2ECB/overview];[FA7E2483-86DF-4F50-82C5-E821ECA5CFF0|https://www.familysearch.org/indexing/admin-new/#/projects/BBAAD840-13AA-4D2A-A481-583F595F2ECB/manage/FA7E2483-86DF-4F50-82C5-E821ECA5CFF0/batches/list];READY_FOR_DELIVERY;
104910907;18-0127: Wisconsin, Wisconsin Vital Records Office, Birth Records, 1964-1980 - (Ancestry 47754) - FSI \\ 18-1425: Wisconsin, Wisconsin Vital Records Office, Birth Records, 1964-1980 - (ACOM, NED IMAGES, ROC ONLY) - FSI;[US, Wisconsin—Birth Records, 1964–1980|https://www.familysearch.org/indexing/admin-new/#/projects/BBAAD840-13AA-4D2A-A481-583F595F2ECB/overview] \\ [US, Wisconsin—Birth Records, Charge-Out Forms, 1964–1980 \[Part B\]|https://www.familysearch.org/indexing/admin-new/#/projects/D2FF9F8F-D129-4383-A197-A48C5E4B06D3/overview];In Production \\ In Production;[US, Wisconsin—Birth Records, 1964–1980|https://www.familysearch.org/indexing/admin-new/#/projects/BBAAD840-13AA-4D2A-A481-583F595F2ECB/overview];[9F303CD5-2BF4-4C44-8731-7C0F4CECDF11|https://www.familysearch.org/indexing/admin-new/#/projects/BBAAD840-13AA-4D2A-A481-583F595F2ECB/manage/9F303CD5-2BF4-4C44-8731-7C0F4CECDF11/batches/list];READY_FOR_DELIVERY;
104910908;18-0127: Wisconsin, Wisconsin Vital Records Office, Birth Records, 1964-1980 - (Ancestry 47754) - FSI \\ 18-1425: Wisconsin, Wisconsin Vital Records Office, Birth Records, 1964-1980 - (ACOM, NED IMAGES, ROC ONLY) - FSI;[US, Wisconsin—Birth Records, 1964–1980|https://www.familysearch.org/indexing/admin-new/#/projects/BBAAD840-13AA-4D2A-A481-583F595F2ECB/overview] \\ [US, Wisconsin—Birth Records, Charge-Out Forms, 1964–1980 \[Part B\]|https://www.familysearch.org/indexing/admin-new/#/projects/D2FF9F8F-D129-4383-A197-A48C5E4B06D3/overview];In Production \\ In Production;[US, Wisconsin—Birth Records, 1964–1980|https://www.familysearch.org/indexing/admin-new/#/projects/BBAAD840-13AA-4D2A-A481-583F595F2ECB/overview];[B55EB02C-FCFD-4977-AC76-EDEEA419D55E|https://www.familysearch.org/indexing/admin-new/#/projects/BBAAD840-13AA-4D2A-A481-583F595F2ECB/manage/B55EB02C-FCFD-4977-AC76-EDEEA419D55E/batches/list];READY_FOR_DELIVERY;
104910909;18-0127: Wisconsin, Wisconsin Vital Records Office, Birth Records, 1964-1980 - (Ancestry 47754) - FSI \\ 18-1425: Wisconsin, Wisconsin Vital Records Office, Birth Records, 1964-1980 - (ACOM, NED IMAGES, ROC ONLY) - FSI;[US, Wisconsin—Birth Records, 1964–1980|https://www.familysearch.org/indexing/admin-new/#/projects/BBAAD840-13AA-4D2A-A481-583F595F2ECB/overview] \\ [US, Wisconsin—Birth Records, Charge-Out Forms, 1964–1980 \[Part B\]|https://www.familysearch.org/indexing/admin-new/#/projects/D2FF9F8F-D129-4383-A197-A48C5E4B06D3/overview];In Production \\ In Production;[US, Wisconsin—Birth Records, 1964–1980|https://www.familysearch.org/indexing/admin-new/#/projects/BBAAD840-13AA-4D2A-A481-583F595F2ECB/overview];[30F0F0F9-D464-4D5E-9FAC-D7400E50546B|https://www.familysearch.org/indexing/admin-new/#/projects/BBAAD840-13AA-4D2A-A481-583F595F2ECB/manage/30F0F0F9-D464-4D5E-9FAC-D7400E50546B/batches/list];READY_FOR_DELIVERY;
104910910;18-0127: Wisconsin, Wisconsin Vital Records Office, Birth Records, 1964-1980 - (Ancestry 47754) - FSI \\ 18-1425: Wisconsin, Wisconsin Vital Records Office, Birth Records, 1964-1980 - (ACOM, NED IMAGES, ROC ONLY) - FSI;[US, Wisconsin—Birth Records, 1964–1980|https://www.familysearch.org/indexing/admin-new/#/projects/BBAAD840-13AA-4D2A-A481-583F595F2ECB/overview] \\ [US, Wisconsin—Birth Records, Charge-Out Forms, 1964–1980 \[Part B\]|https://www.familysearch.org/indexing/admin-new/#/projects/D2FF9F8F-D129-4383-A197-A48C5E4B06D3/overview];In Production \\ In Production;[US, Wisconsin—Birth Records, 1964–1980|https://www.familysearch.org/indexing/admin-new/#/projects/BBAAD840-13AA-4D2A-A481-583F595F2ECB/overview];[CFECE45D-1592-4930-8844-9CF11AE6DC93|https://www.familysearch.org/indexing/admin-new/#/projects/BBAAD840-13AA-4D2A-A481-583F595F2ECB/manage/CFECE45D-1592-4930-8844-9CF11AE6DC93/batches/list];READY_FOR_DELIVERY;
104910911;18-0127: Wisconsin, Wisconsin Vital Records Office, Birth Records, 1964-1980 - (Ancestry 47754) - FSI \\ 18-1425: Wisconsin, Wisconsin Vital Records Office, Birth Records, 1964-1980 - (ACOM, NED IMAGES, ROC ONLY) - FSI;[US, Wisconsin—Birth Records, 1964–1980|https://www.familysearch.org/indexing/admin-new/#/projects/BBAAD840-13AA-4D2A-A481-583F595F2ECB/overview] \\ [US, Wisconsin—Birth Records, Charge-Out Forms, 1964–1980 \[Part B\]|https://www.familysearch.org/indexing/admin-new/#/projects/D2FF9F8F-D129-4383-A197-A48C5E4B06D3/overview];In Production \\ In Production;[US, Wisconsin—Birth Records, 1964–1980|https://www.familysearch.org/indexing/admin-new/#/projects/BBAAD840-13AA-4D2A-A481-583F595F2ECB/overview];[C6A5D2E7-3974-417B-9764-346CEB94B78E|https://www.familysearch.org/indexing/admin-new/#/projects/BBAAD840-13AA-4D2A-A481-583F595F2ECB/manage/C6A5D2E7-3974-417B-9764-346CEB94B78E/batches/list];READY_FOR_DELIVERY;
104910912;18-0127: Wisconsin, Wisconsin Vital Records Office, Birth Records, 1964-1980 - (Ancestry 47754) - FSI \\ 18-1425: Wisconsin, Wisconsin Vital Records Office, Birth Records, 1964-1980 - (ACOM, NED IMAGES, ROC ONLY) - FSI;[US, Wisconsin—Birth Records, 1964–1980|https://www.familysearch.org/indexing/admin-new/#/projects/BBAAD840-13AA-4D2A-A481-583F595F2ECB/overview] \\ [US, Wisconsin—Birth Records, Charge-Out Forms, 1964–1980 \[Part B\]|https://www.familysearch.org/indexing/admin-new/#/projects/D2FF9F8F-D129-4383-A197-A48C5E4B06D3/overview];In Production \\ In Production;[US, Wisconsin—Birth Records, 1964–1980|https://www.familysearch.org/indexing/admin-new/#/projects/BBAAD840-13AA-4D2A-A481-583F595F2ECB/overview];[F555B4DC-0AE7-4570-8B5C-051FD3253869|https://www.familysearch.org/indexing/admin-new/#/projects/BBAAD840-13AA-4D2A-A481-583F595F2ECB/manage/F555B4DC-0AE7-4570-8B5C-051FD3253869/batches/list];READY_FOR_DELIVERY;
104910913;18-0127: Wisconsin, Wisconsin Vital Records Office, Birth Records, 1964-1980 - (Ancestry 47754) - FSI \\ 18-1425: Wisconsin, Wisconsin Vital Records Office, Birth Records, 1964-1980 - (ACOM, NED IMAGES, ROC ONLY) - FSI;[US, Wisconsin—Birth Records, 1964–1980|https://www.familysearch.org/indexing/admin-new/#/projects/BBAAD840-13AA-4D2A-A481-583F595F2ECB/overview] \\ [US, Wisconsin—Birth Records, Charge-Out Forms, 1964–1980 \[Part B\]|https://www.familysearch.org/indexing/admin-new/#/projects/D2FF9F8F-D129-4383-A197-A48C5E4B06D3/overview];In Production \\ In Production;[US, Wisconsin—Birth Records, 1964–1980|https://www.familysearch.org/indexing/admin-new/#/projects/BBAAD840-13AA-4D2A-A481-583F595F2ECB/overview];[83EC1358-0766-41D9-84BD-83FD27B5ACBC|https://www.familysearch.org/indexing/admin-new/#/projects/BBAAD840-13AA-4D2A-A481-583F595F2ECB/manage/83EC1358-0766-41D9-84BD-83FD27B5ACBC/batches/list];READY_FOR_DELIVERY;
104910914;18-0127: Wisconsin, Wisconsin Vital Records Office, Birth Records, 1964-1980 - (Ancestry 47754) - FSI \\ 18-1425: Wisconsin, Wisconsin Vital Records Office, Birth Records, 1964-1980 - (ACOM, NED IMAGES, ROC ONLY) - FSI;[US, Wisconsin—Birth Records, 1964–1980|https://www.familysearch.org/indexing/admin-new/#/projects/BBAAD840-13AA-4D2A-A481-583F595F2ECB/overview] \\ [US, Wisconsin—Birth Records, Charge-Out Forms, 1964–1980 \[Part B\]|https://www.familysearch.org/indexing/admin-new/#/projects/D2FF9F8F-D129-4383-A197-A48C5E4B06D3/overview];In Production \\ In Production;[US, Wisconsin—Birth Records, 1964–1980|https://www.familysearch.org/indexing/admin-new/#/projects/BBAAD840-13AA-4D2A-A481-583F595F2ECB/overview];[7E189674-B287-4086-A277-63DF06AD3303|https://www.familysearch.org/indexing/admin-new/#/projects/BBAAD840-13AA-4D2A-A481-583F595F2ECB/manage/7E189674-B287-4086-A277-63DF06AD3303/batches/list];READY_FOR_DELIVERY;
104910915;18-0127: Wisconsin, Wisconsin Vital Records Office, Birth Records, 1964-1980 - (Ancestry 47754) - FSI \\ 18-1425: Wisconsin, Wisconsin Vital Records Office, Birth Records, 1964-1980 - (ACOM, NED IMAGES, ROC ONLY) - FSI;[US, Wisconsin—Birth Records, 1964–1980|https://www.familysearch.org/indexing/admin-new/#/projects/BBAAD840-13AA-4D2A-A481-583F595F2ECB/overview] \\ [US, Wisconsin—Birth Records, Charge-Out Forms, 1964–1980 \[Part B\]|https://www.familysearch.org/indexing/admin-new/#/projects/D2FF9F8F-D129-4383-A197-A48C5E4B06D3/overview];In Production \\ In Production;[US, Wisconsin—Birth Records, 1964–1980|https://www.familysearch.org/indexing/admin-new/#/projects/BBAAD840-13AA-4D2A-A481-583F595F2ECB/overview];[483B1B17-77DB-41F1-B626-10B7585C963A|https://www.familysearch.org/indexing/admin-new/#/projects/BBAAD840-13AA-4D2A-A481-583F595F2ECB/manage/483B1B17-77DB-41F1-B626-10B7585C963A/batches/list];READY_FOR_DELIVERY;
104910916;18-0127: Wisconsin, Wisconsin Vital Records Office, Birth Records, 1964-1980 - (Ancestry 47754) - FSI \\ 18-1425: Wisconsin, Wisconsin Vital Records Office, Birth Records, 1964-1980 - (ACOM, NED IMAGES, ROC ONLY) - FSI;[US, Wisconsin—Birth Records, 1964–1980|https://www.familysearch.org/indexing/admin-new/#/projects/BBAAD840-13AA-4D2A-A481-583F595F2ECB/overview] \\ [US, Wisconsin—Birth Records, Charge-Out Forms, 1964–1980 \[Part B\]|https://www.familysearch.org/indexing/admin-new/#/projects/D2FF9F8F-D129-4383-A197-A48C5E4B06D3/overview];In Production \\ In Production;[US, Wisconsin—Birth Records, 1964–1980|https://www.familysearch.org/indexing/admin-new/#/projects/BBAAD840-13AA-4D2A-A481-583F595F2ECB/overview];[60782590-C092-441C-9D53-9D57D4ABB055|https://www.familysearch.org/indexing/admin-new/#/projects/BBAAD840-13AA-4D2A-A481-583F595F2ECB/manage/60782590-C092-441C-9D53-9D57D4ABB055/batches/list];READY_FOR_DELIVERY;
104910917;18-0127: Wisconsin, Wisconsin Vital Records Office, Birth Records, 1964-1980 - (Ancestry 47754) - FSI \\ 18-1425: Wisconsin, Wisconsin Vital Records Office, Birth Records, 1964-1980 - (ACOM, NED IMAGES, ROC ONLY) - FSI;[US, Wisconsin—Birth Records, 1964–1980|https://www.familysearch.org/indexing/admin-new/#/projects/BBAAD840-13AA-4D2A-A481-583F595F2ECB/overview] \\ [US, Wisconsin—Birth Records, Charge-Out Forms, 1964–1980 \[Part B\]|https://www.familysearch.org/indexing/admin-new/#/projects/D2FF9F8F-D129-4383-A197-A48C5E4B06D3/overview];In Production \\ In Production;[US, Wisconsin—Birth Records, 1964–1980|https://www.familysearch.org/indexing/admin-new/#/projects/BBAAD840-13AA-4D2A-A481-583F595F2ECB/overview];[7474C2C0-5E74-44DC-8ACC-228366DE4518|https://www.familysearch.org/indexing/admin-new/#/projects/BBAAD840-13AA-4D2A-A481-583F595F2ECB/manage/7474C2C0-5E74-44DC-8ACC-228366DE4518/batches/list];READY_FOR_DELIVERY;
104910918;18-0127: Wisconsin, Wisconsin Vital Records Office, Birth Records, 1964-1980 - (Ancestry 47754) - FSI \\ 18-1425: Wisconsin, Wisconsin Vital Records Office, Birth Records, 1964-1980 - (ACOM, NED IMAGES, ROC ONLY) - FSI;[US, Wisconsin—Birth Records, 1964–1980|https://www.familysearch.org/indexing/admin-new/#/projects/BBAAD840-13AA-4D2A-A481-583F595F2ECB/overview] \\ [US, Wisconsin—Birth Records, Charge-Out Forms, 1964–1980 \[Part B\]|https://www.familysearch.org/indexing/admin-new/#/projects/D2FF9F8F-D129-4383-A197-A48C5E4B06D3/overview];In Production \\ In Production;[US, Wisconsin—Birth Records, 1964–1980|https://www.familysearch.org/indexing/admin-new/#/projects/BBAAD840-13AA-4D2A-A481-583F595F2ECB/overview];[6F82B400-FB84-4D62-BA9D-4B6CD58E5631|https://www.familysearch.org/indexing/admin-new/#/projects/BBAAD840-13AA-4D2A-A481-583F595F2ECB/manage/6F82B400-FB84-4D62-BA9D-4B6CD58E5631/batches/list];READY_FOR_DELIVERY;
104910919;18-0127: Wisconsin, Wisconsin Vital Records Office, Birth Records, 1964-1980 - (Ancestry 47754) - FSI \\ 18-1425: Wisconsin, Wisconsin Vital Records Office, Birth Records, 1964-1980 - (ACOM, NED IMAGES, ROC ONLY) - FSI;[US, Wisconsin—Birth Records, 1964–1980|https://www.familysearch.org/indexing/admin-new/#/projects/BBAAD840-13AA-4D2A-A481-583F595F2ECB/overview] \\ [US, Wisconsin—Birth Records, Charge-Out Forms, 1964–1980 \[Part B\]|https://www.familysearch.org/indexing/admin-new/#/projects/D2FF9F8F-D129-4383-A197-A48C5E4B06D3/overview];In Production \\ In Production;[US, Wisconsin—Birth Records, 1964–1980|https://www.familysearch.org/indexing/admin-new/#/projects/BBAAD840-13AA-4D2A-A481-583F595F2ECB/overview];[B1F29E1A-DFFE-42CA-AB61-E83D78AC5099|https://www.familysearch.org/indexing/admin-new/#/projects/BBAAD840-13AA-4D2A-A481-583F595F2ECB/manage/B1F29E1A-DFFE-42CA-AB61-E83D78AC5099/batches/list];READY_FOR_DELIVERY;
104910920;18-0127: Wisconsin, Wisconsin Vital Records Office, Birth Records, 1964-1980 - (Ancestry 47754) - FSI \\ 18-1425: Wisconsin, Wisconsin Vital Records Office, Birth Records, 1964-1980 - (ACOM, NED IMAGES, ROC ONLY) - FSI;[US, Wisconsin—Birth Records, 1964–1980|https://www.familysearch.org/indexing/admin-new/#/projects/BBAAD840-13AA-4D2A-A481-583F595F2ECB/overview] \\ [US, Wisconsin—Birth Records, Charge-Out Forms, 1964–1980 \[Part B\]|https://www.familysearch.org/indexing/admin-new/#/projects/D2FF9F8F-D129-4383-A197-A48C5E4B06D3/overview];In Production \\ In Production;[US, Wisconsin—Birth Records, 1964–1980|https://www.familysearch.org/indexing/admin-new/#/projects/BBAAD840-13AA-4D2A-A481-583F595F2ECB/overview];[6AF15AD1-AA67-4691-9D24-6931A025A2F1|https://www.familysearch.org/indexing/admin-new/#/projects/BBAAD840-13AA-4D2A-A481-583F595F2ECB/manage/6AF15AD1-AA67-4691-9D24-6931A025A2F1/batches/list];READY_FOR_DELIVERY;
104910921;18-0127: Wisconsin, Wisconsin Vital Records Office, Birth Records, 1964-1980 - (Ancestry 47754) - FSI \\ 18-1425: Wisconsin, Wisconsin Vital Records Office, Birth Records, 1964-1980 - (ACOM, NED IMAGES, ROC ONLY) - FSI;[US, Wisconsin—Birth Records, 1964–1980|https://www.familysearch.org/indexing/admin-new/#/projects/BBAAD840-13AA-4D2A-A481-583F595F2ECB/overview] \\ [US, Wisconsin—Birth Records, Charge-Out Forms, 1964–1980 \[Part B\]|https://www.familysearch.org/indexing/admin-new/#/projects/D2FF9F8F-D129-4383-A197-A48C5E4B06D3/overview];In Production \\ In Production;[US, Wisconsin—Birth Records, 1964–1980|https://www.familysearch.org/indexing/admin-new/#/projects/BBAAD840-13AA-4D2A-A481-583F595F2ECB/overview];[BF774A80-57D3-4BFA-A30C-FD888CC44E5D|https://www.familysearch.org/indexing/admin-new/#/projects/BBAAD840-13AA-4D2A-A481-583F595F2ECB/manage/BF774A80-57D3-4BFA-A30C-FD888CC44E5D/batches/list];READY_FOR_DELIVERY;
104910922;18-0127: Wisconsin, Wisconsin Vital Records Office, Birth Records, 1964-1980 - (Ancestry 47754) - FSI \\ 18-1425: Wisconsin, Wisconsin Vital Records Office, Birth Records, 1964-1980 - (ACOM, NED IMAGES, ROC ONLY) - FSI;[US, Wisconsin—Birth Records, 1964–1980|https://www.familysearch.org/indexing/admin-new/#/projects/BBAAD840-13AA-4D2A-A481-583F595F2ECB/overview] \\ [US, Wisconsin—Birth Records, Charge-Out Forms, 1964–1980 \[Part B\]|https://www.familysearch.org/indexing/admin-new/#/projects/D2FF9F8F-D129-4383-A197-A48C5E4B06D3/overview];In Production \\ In Production;[US, Wisconsin—Birth Records, 1964–1980|https://www.familysearch.org/indexing/admin-new/#/projects/BBAAD840-13AA-4D2A-A481-583F595F2ECB/overview];[48F20C36-693D-4A82-98A7-5E88F305EFCA|https://www.familysearch.org/indexing/admin-new/#/projects/BBAAD840-13AA-4D2A-A481-583F595F2ECB/manage/48F20C36-693D-4A82-98A7-5E88F305EFCA/batches/list];READY_FOR_DELIVERY;
104910923;18-0127: Wisconsin, Wisconsin Vital Records Office, Birth Records, 1964-1980 - (Ancestry 47754) - FSI \\ 18-1425: Wisconsin, Wisconsin Vital Records Office, Birth Records, 1964-1980 - (ACOM, NED IMAGES, ROC ONLY) - FSI;[US, Wisconsin—Birth Records, 1964–1980|https://www.familysearch.org/indexing/admin-new/#/projects/BBAAD840-13AA-4D2A-A481-583F595F2ECB/overview] \\ [US, Wisconsin—Birth Records, Charge-Out Forms, 1964–1980 \[Part B\]|https://www.familysearch.org/indexing/admin-new/#/projects/D2FF9F8F-D129-4383-A197-A48C5E4B06D3/overview];In Production \\ In Production;[US, Wisconsin—Birth Records, 1964–1980|https://www.familysearch.org/indexing/admin-new/#/projects/BBAAD840-13AA-4D2A-A481-583F595F2ECB/overview];[A72EFBD9-632D-44EB-8632-AB68D332517C|https://www.familysearch.org/indexing/admin-new/#/projects/BBAAD840-13AA-4D2A-A481-583F595F2ECB/manage/A72EFBD9-632D-44EB-8632-AB68D332517C/batches/list];READY_FOR_DELIVERY;
104910924;18-0127: Wisconsin, Wisconsin Vital Records Office, Birth Records, 1964-1980 - (Ancestry 47754) - FSI \\ 18-1425: Wisconsin, Wisconsin Vital Records Office, Birth Records, 1964-1980 - (ACOM, NED IMAGES, ROC ONLY) - FSI;[US, Wisconsin—Birth Records, 1964–1980|https://www.familysearch.org/indexing/admin-new/#/projects/BBAAD840-13AA-4D2A-A481-583F595F2ECB/overview] \\ [US, Wisconsin—Birth Records, Charge-Out Forms, 1964–1980 \[Part B\]|https://www.familysearch.org/indexing/admin-new/#/projects/D2FF9F8F-D129-4383-A197-A48C5E4B06D3/overview];In Production \\ In Production;[US, Wisconsin—Birth Records, 1964–1980|https://www.familysearch.org/indexing/admin-new/#/projects/BBAAD840-13AA-4D2A-A481-583F595F2ECB/overview];[BDB9E54E-A1F9-4F6E-B43A-22643E81B76F|https://www.familysearch.org/indexing/admin-new/#/projects/BBAAD840-13AA-4D2A-A481-583F595F2ECB/manage/BDB9E54E-A1F9-4F6E-B43A-22643E81B76F/batches/list];READY_FOR_DELIVERY;
104910925;18-0127: Wisconsin, Wisconsin Vital Records Office, Birth Records, 1964-1980 - (Ancestry 47754) - FSI \\ 18-1425: Wisconsin, Wisconsin Vital Records Office, Birth Records, 1964-1980 - (ACOM, NED IMAGES, ROC ONLY) - FSI;[US, Wisconsin—Birth Records, 1964–1980|https://www.familysearch.org/indexing/admin-new/#/projects/BBAAD840-13AA-4D2A-A481-583F595F2ECB/overview] \\ [US, Wisconsin—Birth Records, Charge-Out Forms, 1964–1980 \[Part B\]|https://www.familysearch.org/indexing/admin-new/#/projects/D2FF9F8F-D129-4383-A197-A48C5E4B06D3/overview];In Production \\ In Production;[US, Wisconsin—Birth Records, 1964–1980|https://www.familysearch.org/indexing/admin-new/#/projects/BBAAD840-13AA-4D2A-A481-583F595F2ECB/overview];[D49B17F3-C9D2-4EA6-A16E-DE6A338CBC6E|https://www.familysearch.org/indexing/admin-new/#/projects/BBAAD840-13AA-4D2A-A481-583F595F2ECB/manage/D49B17F3-C9D2-4EA6-A16E-DE6A338CBC6E/batches/list];READY_FOR_DELIVERY;
104910926;18-0127: Wisconsin, Wisconsin Vital Records Office, Birth Records, 1964-1980 - (Ancestry 47754) - FSI \\ 18-1425: Wisconsin, Wisconsin Vital Records Office, Birth Records, 1964-1980 - (ACOM, NED IMAGES, ROC ONLY) - FSI;[US, Wisconsin—Birth Records, 1964–1980|https://www.familysearch.org/indexing/admin-new/#/projects/BBAAD840-13AA-4D2A-A481-583F595F2ECB/overview] \\ [US, Wisconsin—Birth Records, Charge-Out Forms, 1964–1980 \[Part B\]|https://www.familysearch.org/indexing/admin-new/#/projects/D2FF9F8F-D129-4383-A197-A48C5E4B06D3/overview];In Production \\ In Production;[US, Wisconsin—Birth Records, 1964–1980|https://www.familysearch.org/indexing/admin-new/#/projects/BBAAD840-13AA-4D2A-A481-583F595F2ECB/overview];[844A0EB8-F2CB-45C1-8DA5-0954E8A59F19|https://www.familysearch.org/indexing/admin-new/#/projects/BBAAD840-13AA-4D2A-A481-583F595F2ECB/manage/844A0EB8-F2CB-45C1-8DA5-0954E8A59F19/batches/list];READY_FOR_DELIVERY;
104910927;18-0127: Wisconsin, Wisconsin Vital Records Office, Birth Records, 1964-1980 - (Ancestry 47754) - FSI \\ 18-1425: Wisconsin, Wisconsin Vital Records Office, Birth Records, 1964-1980 - (ACOM, NED IMAGES, ROC ONLY) - FSI;[US, Wisconsin—Birth Records, 1964–1980|https://www.familysearch.org/indexing/admin-new/#/projects/BBAAD840-13AA-4D2A-A481-583F595F2ECB/overview] \\ [US, Wisconsin—Birth Records, Charge-Out Forms, 1964–1980 \[Part B\]|https://www.familysearch.org/indexing/admin-new/#/projects/D2FF9F8F-D129-4383-A197-A48C5E4B06D3/overview];In Production \\ In Production;[US, Wisconsin—Birth Records, 1964–1980|https://www.familysearch.org/indexing/admin-new/#/projects/BBAAD840-13AA-4D2A-A481-583F595F2ECB/overview];[0E9C15B0-E73A-41FF-BBA5-6759E4B82A3C|https://www.familysearch.org/indexing/admin-new/#/projects/BBAAD840-13AA-4D2A-A481-583F595F2ECB/manage/0E9C15B0-E73A-41FF-BBA5-6759E4B82A3C/batches/list];READY_FOR_DELIVERY;
104910928;18-0127: Wisconsin, Wisconsin Vital Records Office, Birth Records, 1964-1980 - (Ancestry 47754) - FSI \\ 18-1425: Wisconsin, Wisconsin Vital Records Office, Birth Records, 1964-1980 - (ACOM, NED IMAGES, ROC ONLY) - FSI;[US, Wisconsin—Birth Records, 1964–1980|https://www.familysearch.org/indexing/admin-new/#/projects/BBAAD840-13AA-4D2A-A481-583F595F2ECB/overview] \\ [US, Wisconsin—Birth Records, Charge-Out Forms, 1964–1980 \[Part B\]|https://www.familysearch.org/indexing/admin-new/#/projects/D2FF9F8F-D129-4383-A197-A48C5E4B06D3/overview];In Production \\ In Production;[US, Wisconsin—Birth Records, 1964–1980|https://www.familysearch.org/indexing/admin-new/#/projects/BBAAD840-13AA-4D2A-A481-583F595F2ECB/overview];[BB9278B5-F308-4F3A-A46F-9F75F8062FA8|https://www.familysearch.org/indexing/admin-new/#/projects/BBAAD840-13AA-4D2A-A481-583F595F2ECB/manage/BB9278B5-F308-4F3A-A46F-9F75F8062FA8/batches/list];READY_FOR_DELIVERY;
104910929;18-0127: Wisconsin, Wisconsin Vital Records Office, Birth Records, 1964-1980 - (Ancestry 47754) - FSI \\ 18-1425: Wisconsin, Wisconsin Vital Records Office, Birth Records, 1964-1980 - (ACOM, NED IMAGES, ROC ONLY) - FSI;[US, Wisconsin—Birth Records, 1964–1980|https://www.familysearch.org/indexing/admin-new/#/projects/BBAAD840-13AA-4D2A-A481-583F595F2ECB/overview] \\ [US, Wisconsin—Birth Records, Charge-Out Forms, 1964–1980 \[Part B\]|https://www.familysearch.org/indexing/admin-new/#/projects/D2FF9F8F-D129-4383-A197-A48C5E4B06D3/overview];In Production \\ In Production;[US, Wisconsin—Birth Records, 1964–1980|https://www.familysearch.org/indexing/admin-new/#/projects/BBAAD840-13AA-4D2A-A481-583F595F2ECB/overview];[2B06D647-CCC0-4EFE-810B-4FEB698E666B|https://www.familysearch.org/indexing/admin-new/#/projects/BBAAD840-13AA-4D2A-A481-583F595F2ECB/manage/2B06D647-CCC0-4EFE-810B-4FEB698E666B/batches/list];READY_FOR_DELIVERY;
104910930;18-0127: Wisconsin, Wisconsin Vital Records Office, Birth Records, 1964-1980 - (Ancestry 47754) - FSI \\ 18-1425: Wisconsin, Wisconsin Vital Records Office, Birth Records, 1964-1980 - (ACOM, NED IMAGES, ROC ONLY) - FSI;[US, Wisconsin—Birth Records, 1964–1980|https://www.familysearch.org/indexing/admin-new/#/projects/BBAAD840-13AA-4D2A-A481-583F595F2ECB/overview] \\ [US, Wisconsin—Birth Records, Charge-Out Forms, 1964–1980 \[Part B\]|https://www.familysearch.org/indexing/admin-new/#/projects/D2FF9F8F-D129-4383-A197-A48C5E4B06D3/overview];In Production \\ In Production;[US, Wisconsin—Birth Records, 1964–1980|https://www.familysearch.org/indexing/admin-new/#/projects/BBAAD840-13AA-4D2A-A481-583F595F2ECB/overview];[C6C03503-FBDE-421A-B622-31157B593950|https://www.familysearch.org/indexing/admin-new/#/projects/BBAAD840-13AA-4D2A-A481-583F595F2ECB/manage/C6C03503-FBDE-421A-B622-31157B593950/batches/list];READY_FOR_DELIVERY;
104910931;18-0127: Wisconsin, Wisconsin Vital Records Office, Birth Records, 1964-1980 - (Ancestry 47754) - FSI \\ 18-1425: Wisconsin, Wisconsin Vital Records Office, Birth Records, 1964-1980 - (ACOM, NED IMAGES, ROC ONLY) - FSI;[US, Wisconsin—Birth Records, 1964–1980|https://www.familysearch.org/indexing/admin-new/#/projects/BBAAD840-13AA-4D2A-A481-583F595F2ECB/overview] \\ [US, Wisconsin—Birth Records, Charge-Out Forms, 1964–1980 \[Part B\]|https://www.familysearch.org/indexing/admin-new/#/projects/D2FF9F8F-D129-4383-A197-A48C5E4B06D3/overview];In Production \\ In Production;[US, Wisconsin—Birth Records, 1964–1980|https://www.familysearch.org/indexing/admin-new/#/projects/BBAAD840-13AA-4D2A-A481-583F595F2ECB/overview];[EF19AB13-AD7F-4142-BA83-2B59814C422A|https://www.familysearch.org/indexing/admin-new/#/projects/BBAAD840-13AA-4D2A-A481-583F595F2ECB/manage/EF19AB13-AD7F-4142-BA83-2B59814C422A/batches/list];READY_FOR_DELIVERY;
104910932;18-0127: Wisconsin, Wisconsin Vital Records Office, Birth Records, 1964-1980 - (Ancestry 47754) - FSI \\ 18-1425: Wisconsin, Wisconsin Vital Records Office, Birth Records, 1964-1980 - (ACOM, NED IMAGES, ROC ONLY) - FSI;[US, Wisconsin—Birth Records, 1964–1980|https://www.familysearch.org/indexing/admin-new/#/projects/BBAAD840-13AA-4D2A-A481-583F595F2ECB/overview] \\ [US, Wisconsin—Birth Records, Charge-Out Forms, 1964–1980 \[Part B\]|https://www.familysearch.org/indexing/admin-new/#/projects/D2FF9F8F-D129-4383-A197-A48C5E4B06D3/overview];In Production \\ In Production;[US, Wisconsin—Birth Records, 1964–1980|https://www.familysearch.org/indexing/admin-new/#/projects/BBAAD840-13AA-4D2A-A481-583F595F2ECB/overview];[96A6B882-7E61-49FF-AA69-52C72D58778F|https://www.familysearch.org/indexing/admin-new/#/projects/BBAAD840-13AA-4D2A-A481-583F595F2ECB/manage/96A6B882-7E61-49FF-AA69-52C72D58778F/batches/list];READY_FOR_DELIVERY;
104910933;18-0127: Wisconsin, Wisconsin Vital Records Office, Birth Records, 1964-1980 - (Ancestry 47754) - FSI \\ 18-1425: Wisconsin, Wisconsin Vital Records Office, Birth Records, 1964-1980 - (ACOM, NED IMAGES, ROC ONLY) - FSI;[US, Wisconsin—Birth Records, 1964–1980|https://www.familysearch.org/indexing/admin-new/#/projects/BBAAD840-13AA-4D2A-A481-583F595F2ECB/overview] \\ [US, Wisconsin—Birth Records, Charge-Out Forms, 1964–1980 \[Part B\]|https://www.familysearch.org/indexing/admin-new/#/projects/D2FF9F8F-D129-4383-A197-A48C5E4B06D3/overview];In Production \\ In Production;[US, Wisconsin—Birth Records, 1964–1980|https://www.familysearch.org/indexing/admin-new/#/projects/BBAAD840-13AA-4D2A-A481-583F595F2ECB/overview];[7664C505-EAAD-482B-971F-1DEAFA5BD4CE|https://www.familysearch.org/indexing/admin-new/#/projects/BBAAD840-13AA-4D2A-A481-583F595F2ECB/manage/7664C505-EAAD-482B-971F-1DEAFA5BD4CE/batches/list];READY_FOR_DELIVERY;
104910934;18-0127: Wisconsin, Wisconsin Vital Records Office, Birth Records, 1964-1980 - (Ancestry 47754) - FSI \\ 18-1425: Wisconsin, Wisconsin Vital Records Office, Birth Records, 1964-1980 - (ACOM, NED IMAGES, ROC ONLY) - FSI;[US, Wisconsin—Birth Records, 1964–1980|https://www.familysearch.org/indexing/admin-new/#/projects/BBAAD840-13AA-4D2A-A481-583F595F2ECB/overview] \\ [US, Wisconsin—Birth Records, Charge-Out Forms, 1964–1980 \[Part B\]|https://www.familysearch.org/indexing/admin-new/#/projects/D2FF9F8F-D129-4383-A197-A48C5E4B06D3/overview];In Production \\ In Production;[US, Wisconsin—Birth Records, 1964–1980|https://www.familysearch.org/indexing/admin-new/#/projects/BBAAD840-13AA-4D2A-A481-583F595F2ECB/overview];[CC5BB1E1-5E6B-4F40-8B70-E2AABB67B4B3|https://www.familysearch.org/indexing/admin-new/#/projects/BBAAD840-13AA-4D2A-A481-583F595F2ECB/manage/CC5BB1E1-5E6B-4F40-8B70-E2AABB67B4B3/batches/list];READY_FOR_DELIVERY;
104910935;18-0127: Wisconsin, Wisconsin Vital Records Office, Birth Records, 1964-1980 - (Ancestry 47754) - FSI \\ 18-1425: Wisconsin, Wisconsin Vital Records Office, Birth Records, 1964-1980 - (ACOM, NED IMAGES, ROC ONLY) - FSI;[US, Wisconsin—Birth Records, 1964–1980|https://www.familysearch.org/indexing/admin-new/#/projects/BBAAD840-13AA-4D2A-A481-583F595F2ECB/overview] \\ [US, Wisconsin—Birth Records, Charge-Out Forms, 1964–1980 \[Part B\]|https://www.familysearch.org/indexing/admin-new/#/projects/D2FF9F8F-D129-4383-A197-A48C5E4B06D3/overview];In Production \\ In Production;[US, Wisconsin—Birth Records, 1964–1980|https://www.familysearch.org/indexing/admin-new/#/projects/BBAAD840-13AA-4D2A-A481-583F595F2ECB/overview];[814FC86C-114D-48F4-B2BE-4093C02641D8|https://www.familysearch.org/indexing/admin-new/#/projects/BBAAD840-13AA-4D2A-A481-583F595F2ECB/manage/814FC86C-114D-48F4-B2BE-4093C02641D8/batches/list];READY_FOR_DELIVERY;
104910936;18-0127: Wisconsin, Wisconsin Vital Records Office, Birth Records, 1964-1980 - (Ancestry 47754) - FSI \\ 18-1425: Wisconsin, Wisconsin Vital Records Office, Birth Records, 1964-1980 - (ACOM, NED IMAGES, ROC ONLY) - FSI;[US, Wisconsin—Birth Records, 1964–1980|https://www.familysearch.org/indexing/admin-new/#/projects/BBAAD840-13AA-4D2A-A481-583F595F2ECB/overview] \\ [US, Wisconsin—Birth Records, Charge-Out Forms, 1964–1980 \[Part B\]|https://www.familysearch.org/indexing/admin-new/#/projects/D2FF9F8F-D129-4383-A197-A48C5E4B06D3/overview];In Production \\ In Production;[US, Wisconsin—Birth Records, 1964–1980|https://www.familysearch.org/indexing/admin-new/#/projects/BBAAD840-13AA-4D2A-A481-583F595F2ECB/overview];[203F9FB0-8CCE-4D0F-BBF7-715665199AA4|https://www.familysearch.org/indexing/admin-new/#/projects/BBAAD840-13AA-4D2A-A481-583F595F2ECB/manage/203F9FB0-8CCE-4D0F-BBF7-715665199AA4/batches/list];READY_FOR_DELIVERY;
104910937;18-0127: Wisconsin, Wisconsin Vital Records Office, Birth Records, 1964-1980 - (Ancestry 47754) - FSI \\ 18-1425: Wisconsin, Wisconsin Vital Records Office, Birth Records, 1964-1980 - (ACOM, NED IMAGES, ROC ONLY) - FSI;[US, Wisconsin—Birth Records, 1964–1980|https://www.familysearch.org/indexing/admin-new/#/projects/BBAAD840-13AA-4D2A-A481-583F595F2ECB/overview] \\ [US, Wisconsin—Birth Records, Charge-Out Forms, 1964–1980 \[Part B\]|https://www.familysearch.org/indexing/admin-new/#/projects/D2FF9F8F-D129-4383-A197-A48C5E4B06D3/overview];In Production \\ In Production;[US, Wisconsin—Birth Records, 1964–1980|https://www.familysearch.org/indexing/admin-new/#/projects/BBAAD840-13AA-4D2A-A481-583F595F2ECB/overview];[CD97FCF7-4F39-4328-83DB-EC75D9E1B699|https://www.familysearch.org/indexing/admin-new/#/projects/BBAAD840-13AA-4D2A-A481-583F595F2ECB/manage/CD97FCF7-4F39-4328-83DB-EC75D9E1B699/batches/list];READY_FOR_DELIVERY;
104910938;18-0127: Wisconsin, Wisconsin Vital Records Office, Birth Records, 1964-1980 - (Ancestry 47754) - FSI \\ 18-1425: Wisconsin, Wisconsin Vital Records Office, Birth Records, 1964-1980 - (ACOM, NED IMAGES, ROC ONLY) - FSI;[US, Wisconsin—Birth Records, 1964–1980|https://www.familysearch.org/indexing/admin-new/#/projects/BBAAD840-13AA-4D2A-A481-583F595F2ECB/overview] \\ [US, Wisconsin—Birth Records, Charge-Out Forms, 1964–1980 \[Part B\]|https://www.familysearch.org/indexing/admin-new/#/projects/D2FF9F8F-D129-4383-A197-A48C5E4B06D3/overview];In Production \\ In Production;[US, Wisconsin—Birth Records, 1964–1980|https://www.familysearch.org/indexing/admin-new/#/projects/BBAAD840-13AA-4D2A-A481-583F595F2ECB/overview];[EC443464-DC3C-45FE-AD0D-CD01E889494E|https://www.familysearch.org/indexing/admin-new/#/projects/BBAAD840-13AA-4D2A-A481-583F595F2ECB/manage/EC443464-DC3C-45FE-AD0D-CD01E889494E/batches/list];READY_FOR_DELIVERY;
104910939;18-0127: Wisconsin, Wisconsin Vital Records Office, Birth Records, 1964-1980 - (Ancestry 47754) - FSI \\ 18-1425: Wisconsin, Wisconsin Vital Records Office, Birth Records, 1964-1980 - (ACOM, NED IMAGES, ROC ONLY) - FSI;[US, Wisconsin—Birth Records, 1964–1980|https://www.familysearch.org/indexing/admin-new/#/projects/BBAAD840-13AA-4D2A-A481-583F595F2ECB/overview] \\ [US, Wisconsin—Birth Records, Charge-Out Forms, 1964–1980 \[Part B\]|https://www.familysearch.org/indexing/admin-new/#/projects/D2FF9F8F-D129-4383-A197-A48C5E4B06D3/overview];In Production \\ In Production;[US, Wisconsin—Birth Records, 1964–1980|https://www.familysearch.org/indexing/admin-new/#/projects/BBAAD840-13AA-4D2A-A481-583F595F2ECB/overview];[6DCBFF9B-E91F-4CE8-BF8C-D10D7F16DB3B|https://www.familysearch.org/indexing/admin-new/#/projects/BBAAD840-13AA-4D2A-A481-583F595F2ECB/manage/6DCBFF9B-E91F-4CE8-BF8C-D10D7F16DB3B/batches/list];READY_FOR_DELIVERY;
104910940;18-0127: Wisconsin, Wisconsin Vital Records Office, Birth Records, 1964-1980 - (Ancestry 47754) - FSI \\ 18-1425: Wisconsin, Wisconsin Vital Records Office, Birth Records, 1964-1980 - (ACOM, NED IMAGES, ROC ONLY) - FSI;[US, Wisconsin—Birth Records, 1964–1980|https://www.familysearch.org/indexing/admin-new/#/projects/BBAAD840-13AA-4D2A-A481-583F595F2ECB/overview] \\ [US, Wisconsin—Birth Records, Charge-Out Forms, 1964–1980 \[Part B\]|https://www.familysearch.org/indexing/admin-new/#/projects/D2FF9F8F-D129-4383-A197-A48C5E4B06D3/overview];In Production \\ In Production;[US, Wisconsin—Birth Records, 1964–1980|https://www.familysearch.org/indexing/admin-new/#/projects/BBAAD840-13AA-4D2A-A481-583F595F2ECB/overview];[BE6D7016-0BD0-4452-A8F1-D7B1ED020BA5|https://www.familysearch.org/indexing/admin-new/#/projects/BBAAD840-13AA-4D2A-A481-583F595F2ECB/manage/BE6D7016-0BD0-4452-A8F1-D7B1ED020BA5/batches/list];READY_FOR_DELIVERY;
104910941;18-0127: Wisconsin, Wisconsin Vital Records Office, Birth Records, 1964-1980 - (Ancestry 47754) - FSI \\ 18-1425: Wisconsin, Wisconsin Vital Records Office, Birth Records, 1964-1980 - (ACOM, NED IMAGES, ROC ONLY) - FSI;[US, Wisconsin—Birth Records, 1964–1980|https://www.familysearch.org/indexing/admin-new/#/projects/BBAAD840-13AA-4D2A-A481-583F595F2ECB/overview] \\ [US, Wisconsin—Birth Records, Charge-Out Forms, 1964–1980 \[Part B\]|https://www.familysearch.org/indexing/admin-new/#/projects/D2FF9F8F-D129-4383-A197-A48C5E4B06D3/overview];In Production \\ In Production;[US, Wisconsin—Birth Records, 1964–1980|https://www.familysearch.org/indexing/admin-new/#/projects/BBAAD840-13AA-4D2A-A481-583F595F2ECB/overview];[BF8DFBD6-C5FE-458E-8578-16B65BF58FDE|https://www.familysearch.org/indexing/admin-new/#/projects/BBAAD840-13AA-4D2A-A481-583F595F2ECB/manage/BF8DFBD6-C5FE-458E-8578-16B65BF58FDE/batches/list];READY_FOR_DELIVERY;
104910942;18-0127: Wisconsin, Wisconsin Vital Records Office, Birth Records, 1964-1980 - (Ancestry 47754) - FSI \\ 18-1425: Wisconsin, Wisconsin Vital Records Office, Birth Records, 1964-1980 - (ACOM, NED IMAGES, ROC ONLY) - FSI;[US, Wisconsin—Birth Records, 1964–1980|https://www.familysearch.org/indexing/admin-new/#/projects/BBAAD840-13AA-4D2A-A481-583F595F2ECB/overview] \\ [US, Wisconsin—Birth Records, Charge-Out Forms, 1964–1980 \[Part B\]|https://www.familysearch.org/indexing/admin-new/#/projects/D2FF9F8F-D129-4383-A197-A48C5E4B06D3/overview];In Production \\ In Production;[US, Wisconsin—Birth Records, 1964–1980|https://www.familysearch.org/indexing/admin-new/#/projects/BBAAD840-13AA-4D2A-A481-583F595F2ECB/overview];[B72D5F32-1CE3-4342-97A8-6BCCCDE38FBA|https://www.familysearch.org/indexing/admin-new/#/projects/BBAAD840-13AA-4D2A-A481-583F595F2ECB/manage/B72D5F32-1CE3-4342-97A8-6BCCCDE38FBA/batches/list];READY_FOR_DELIVERY;
104910943;18-0127: Wisconsin, Wisconsin Vital Records Office, Birth Records, 1964-1980 - (Ancestry 47754) - FSI \\ 18-1425: Wisconsin, Wisconsin Vital Records Office, Birth Records, 1964-1980 - (ACOM, NED IMAGES, ROC ONLY) - FSI;[US, Wisconsin—Birth Records, 1964–1980|https://www.familysearch.org/indexing/admin-new/#/projects/BBAAD840-13AA-4D2A-A481-583F595F2ECB/overview] \\ [US, Wisconsin—Birth Records, Charge-Out Forms, 1964–1980 \[Part B\]|https://www.familysearch.org/indexing/admin-new/#/projects/D2FF9F8F-D129-4383-A197-A48C5E4B06D3/overview];In Production \\ In Production;[US, Wisconsin—Birth Records, 1964–1980|https://www.familysearch.org/indexing/admin-new/#/projects/BBAAD840-13AA-4D2A-A481-583F595F2ECB/overview];[F1DA96AD-F200-4301-9C07-A648BAD845D1|https://www.familysearch.org/indexing/admin-new/#/projects/BBAAD840-13AA-4D2A-A481-583F595F2ECB/manage/F1DA96AD-F200-4301-9C07-A648BAD845D1/batches/list];READY_FOR_DELIVERY;
104910944;18-0127: Wisconsin, Wisconsin Vital Records Office, Birth Records, 1964-1980 - (Ancestry 47754) - FSI \\ 18-1425: Wisconsin, Wisconsin Vital Records Office, Birth Records, 1964-1980 - (ACOM, NED IMAGES, ROC ONLY) - FSI;[US, Wisconsin—Birth Records, 1964–1980|https://www.familysearch.org/indexing/admin-new/#/projects/BBAAD840-13AA-4D2A-A481-583F595F2ECB/overview] \\ [US, Wisconsin—Birth Records, Charge-Out Forms, 1964–1980 \[Part B\]|https://www.familysearch.org/indexing/admin-new/#/projects/D2FF9F8F-D129-4383-A197-A48C5E4B06D3/overview];In Production \\ In Production;[US, Wisconsin—Birth Records, 1964–1980|https://www.familysearch.org/indexing/admin-new/#/projects/BBAAD840-13AA-4D2A-A481-583F595F2ECB/overview];[E54A91FF-ED09-4A6A-B9B9-E31954A5AB3D|https://www.familysearch.org/indexing/admin-new/#/projects/BBAAD840-13AA-4D2A-A481-583F595F2ECB/manage/E54A91FF-ED09-4A6A-B9B9-E31954A5AB3D/batches/list];READY_FOR_DELIVERY;
104910945;18-0127: Wisconsin, Wisconsin Vital Records Office, Birth Records, 1964-1980 - (Ancestry 47754) - FSI \\ 18-1425: Wisconsin, Wisconsin Vital Records Office, Birth Records, 1964-1980 - (ACOM, NED IMAGES, ROC ONLY) - FSI;[US, Wisconsin—Birth Records, 1964–1980|https://www.familysearch.org/indexing/admin-new/#/projects/BBAAD840-13AA-4D2A-A481-583F595F2ECB/overview] \\ [US, Wisconsin—Birth Records, Charge-Out Forms, 1964–1980 \[Part B\]|https://www.familysearch.org/indexing/admin-new/#/projects/D2FF9F8F-D129-4383-A197-A48C5E4B06D3/overview];In Production \\ In Production;[US, Wisconsin—Birth Records, 1964–1980|https://www.familysearch.org/indexing/admin-new/#/projects/BBAAD840-13AA-4D2A-A481-583F595F2ECB/overview];[3DFA89C0-8F75-4888-A73D-81A5B0A3E9BC|https://www.familysearch.org/indexing/admin-new/#/projects/BBAAD840-13AA-4D2A-A481-583F595F2ECB/manage/3DFA89C0-8F75-4888-A73D-81A5B0A3E9BC/batches/list];READY_FOR_DELIVERY;
104910946;18-0127: Wisconsin, Wisconsin Vital Records Office, Birth Records, 1964-1980 - (Ancestry 47754) - FSI \\ 18-1425: Wisconsin, Wisconsin Vital Records Office, Birth Records, 1964-1980 - (ACOM, NED IMAGES, ROC ONLY) - FSI;[US, Wisconsin—Birth Records, 1964–1980|https://www.familysearch.org/indexing/admin-new/#/projects/BBAAD840-13AA-4D2A-A481-583F595F2ECB/overview] \\ [US, Wisconsin—Birth Records, Charge-Out Forms, 1964–1980 \[Part B\]|https://www.familysearch.org/indexing/admin-new/#/projects/D2FF9F8F-D129-4383-A197-A48C5E4B06D3/overview];In Production \\ In Production;[US, Wisconsin—Birth Records, 1964–1980|https://www.familysearch.org/indexing/admin-new/#/projects/BBAAD840-13AA-4D2A-A481-583F595F2ECB/overview];[C79583C1-39B6-479E-94A0-487CFE9EBD2D|https://www.familysearch.org/indexing/admin-new/#/projects/BBAAD840-13AA-4D2A-A481-583F595F2ECB/manage/C79583C1-39B6-479E-94A0-487CFE9EBD2D/batches/list];READY_FOR_DELIVERY;
104910947;18-0127: Wisconsin, Wisconsin Vital Records Office, Birth Records, 1964-1980 - (Ancestry 47754) - FSI \\ 18-1425: Wisconsin, Wisconsin Vital Records Office, Birth Records, 1964-1980 - (ACOM, NED IMAGES, ROC ONLY) - FSI;[US, Wisconsin—Birth Records, 1964–1980|https://www.familysearch.org/indexing/admin-new/#/projects/BBAAD840-13AA-4D2A-A481-583F595F2ECB/overview] \\ [US, Wisconsin—Birth Records, Charge-Out Forms, 1964–1980 \[Part B\]|https://www.familysearch.org/indexing/admin-new/#/projects/D2FF9F8F-D129-4383-A197-A48C5E4B06D3/overview];In Production \\ In Production;[US, Wisconsin—Birth Records, 1964–1980|https://www.familysearch.org/indexing/admin-new/#/projects/BBAAD840-13AA-4D2A-A481-583F595F2ECB/overview];[6E8835E9-57FA-46D5-8EC9-DB9CF8B8DEEC|https://www.familysearch.org/indexing/admin-new/#/projects/BBAAD840-13AA-4D2A-A481-583F595F2ECB/manage/6E8835E9-57FA-46D5-8EC9-DB9CF8B8DEEC/batches/list];READY_FOR_DELIVERY;
104910948;18-0127: Wisconsin, Wisconsin Vital Records Office, Birth Records, 1964-1980 - (Ancestry 47754) - FSI \\ 18-1425: Wisconsin, Wisconsin Vital Records Office, Birth Records, 1964-1980 - (ACOM, NED IMAGES, ROC ONLY) - FSI;[US, Wisconsin—Birth Records, 1964–1980|https://www.familysearch.org/indexing/admin-new/#/projects/BBAAD840-13AA-4D2A-A481-583F595F2ECB/overview] \\ [US, Wisconsin—Birth Records, Charge-Out Forms, 1964–1980 \[Part B\]|https://www.familysearch.org/indexing/admin-new/#/projects/D2FF9F8F-D129-4383-A197-A48C5E4B06D3/overview];In Production \\ In Production;[US, Wisconsin—Birth Records, 1964–1980|https://www.familysearch.org/indexing/admin-new/#/projects/BBAAD840-13AA-4D2A-A481-583F595F2ECB/overview];[68D2CE6C-FB6F-4397-9432-B07A1E143B41|https://www.familysearch.org/indexing/admin-new/#/projects/BBAAD840-13AA-4D2A-A481-583F595F2ECB/manage/68D2CE6C-FB6F-4397-9432-B07A1E143B41/batches/list];READY_FOR_DELIVERY;
104910949;18-0127: Wisconsin, Wisconsin Vital Records Office, Birth Records, 1964-1980 - (Ancestry 47754) - FSI \\ 18-1425: Wisconsin, Wisconsin Vital Records Office, Birth Records, 1964-1980 - (ACOM, NED IMAGES, ROC ONLY) - FSI;[US, Wisconsin—Birth Records, 1964–1980|https://www.familysearch.org/indexing/admin-new/#/projects/BBAAD840-13AA-4D2A-A481-583F595F2ECB/overview] \\ [US, Wisconsin—Birth Records, Charge-Out Forms, 1964–1980 \[Part B\]|https://www.familysearch.org/indexing/admin-new/#/projects/D2FF9F8F-D129-4383-A197-A48C5E4B06D3/overview];In Production \\ In Production;[US, Wisconsin—Birth Records, 1964–1980|https://www.familysearch.org/indexing/admin-new/#/projects/BBAAD840-13AA-4D2A-A481-583F595F2ECB/overview];[4F1CBE41-FF42-42DF-8D41-61FEA3D6605D|https://www.familysearch.org/indexing/admin-new/#/projects/BBAAD840-13AA-4D2A-A481-583F595F2ECB/manage/4F1CBE41-FF42-42DF-8D41-61FEA3D6605D/batches/list];READY_FOR_DELIVERY;
104910950;18-0127: Wisconsin, Wisconsin Vital Records Office, Birth Records, 1964-1980 - (Ancestry 47754) - FSI \\ 18-1425: Wisconsin, Wisconsin Vital Records Office, Birth Records, 1964-1980 - (ACOM, NED IMAGES, ROC ONLY) - FSI;[US, Wisconsin—Birth Records, 1964–1980|https://www.familysearch.org/indexing/admin-new/#/projects/BBAAD840-13AA-4D2A-A481-583F595F2ECB/overview] \\ [US, Wisconsin—Birth Records, Charge-Out Forms, 1964–1980 \[Part B\]|https://www.familysearch.org/indexing/admin-new/#/projects/D2FF9F8F-D129-4383-A197-A48C5E4B06D3/overview];In Production \\ In Production;[US, Wisconsin—Birth Records, 1964–1980|https://www.familysearch.org/indexing/admin-new/#/projects/BBAAD840-13AA-4D2A-A481-583F595F2ECB/overview];[F86DF809-E7C5-41C3-A030-959727047D55|https://www.familysearch.org/indexing/admin-new/#/projects/BBAAD840-13AA-4D2A-A481-583F595F2ECB/manage/F86DF809-E7C5-41C3-A030-959727047D55/batches/list];READY_FOR_DELIVERY;
104910951;18-0127: Wisconsin, Wisconsin Vital Records Office, Birth Records, 1964-1980 - (Ancestry 47754) - FSI \\ 18-1425: Wisconsin, Wisconsin Vital Records Office, Birth Records, 1964-1980 - (ACOM, NED IMAGES, ROC ONLY) - FSI;[US, Wisconsin—Birth Records, 1964–1980|https://www.familysearch.org/indexing/admin-new/#/projects/BBAAD840-13AA-4D2A-A481-583F595F2ECB/overview] \\ [US, Wisconsin—Birth Records, Charge-Out Forms, 1964–1980 \[Part B\]|https://www.familysearch.org/indexing/admin-new/#/projects/D2FF9F8F-D129-4383-A197-A48C5E4B06D3/overview];In Production \\ In Production;[US, Wisconsin—Birth Records, 1964–1980|https://www.familysearch.org/indexing/admin-new/#/projects/BBAAD840-13AA-4D2A-A481-583F595F2ECB/overview];[E6399215-C51C-43C0-9E08-BA0B91C21F26|https://www.familysearch.org/indexing/admin-new/#/projects/BBAAD840-13AA-4D2A-A481-583F595F2ECB/manage/E6399215-C51C-43C0-9E08-BA0B91C21F26/batches/list];READY_FOR_DELIVERY;
104910952;18-0127: Wisconsin, Wisconsin Vital Records Office, Birth Records, 1964-1980 - (Ancestry 47754) - FSI \\ 18-1425: Wisconsin, Wisconsin Vital Records Office, Birth Records, 1964-1980 - (ACOM, NED IMAGES, ROC ONLY) - FSI;[US, Wisconsin—Birth Records, 1964–1980|https://www.familysearch.org/indexing/admin-new/#/projects/BBAAD840-13AA-4D2A-A481-583F595F2ECB/overview] \\ [US, Wisconsin—Birth Records, Charge-Out Forms, 1964–1980 \[Part B\]|https://www.familysearch.org/indexing/admin-new/#/projects/D2FF9F8F-D129-4383-A197-A48C5E4B06D3/overview];In Production \\ In Production;[US, Wisconsin—Birth Records, 1964–1980|https://www.familysearch.org/indexing/admin-new/#/projects/BBAAD840-13AA-4D2A-A481-583F595F2ECB/overview];[64534FB5-B405-4031-B263-C521B23D9CAE|https://www.familysearch.org/indexing/admin-new/#/projects/BBAAD840-13AA-4D2A-A481-583F595F2ECB/manage/64534FB5-B405-4031-B263-C521B23D9CAE/batches/list];READY_FOR_DELIVERY;
104910953;18-0127: Wisconsin, Wisconsin Vital Records Office, Birth Records, 1964-1980 - (Ancestry 47754) - FSI \\ 18-1425: Wisconsin, Wisconsin Vital Records Office, Birth Records, 1964-1980 - (ACOM, NED IMAGES, ROC ONLY) - FSI;[US, Wisconsin—Birth Records, 1964–1980|https://www.familysearch.org/indexing/admin-new/#/projects/BBAAD840-13AA-4D2A-A481-583F595F2ECB/overview] \\ [US, Wisconsin—Birth Records, Charge-Out Forms, 1964–1980 \[Part B\]|https://www.familysearch.org/indexing/admin-new/#/projects/D2FF9F8F-D129-4383-A197-A48C5E4B06D3/overview];In Production \\ In Production;[US, Wisconsin—Birth Records, 1964–1980|https://www.familysearch.org/indexing/admin-new/#/projects/BBAAD840-13AA-4D2A-A481-583F595F2ECB/overview];[5C1CE44D-6E38-49ED-B84C-BDC733107B66|https://www.familysearch.org/indexing/admin-new/#/projects/BBAAD840-13AA-4D2A-A481-583F595F2ECB/manage/5C1CE44D-6E38-49ED-B84C-BDC733107B66/batches/list];READY_FOR_DELIVERY;
104910954;18-0127: Wisconsin, Wisconsin Vital Records Office, Birth Records, 1964-1980 - (Ancestry 47754) - FSI \\ 18-1425: Wisconsin, Wisconsin Vital Records Office, Birth Records, 1964-1980 - (ACOM, NED IMAGES, ROC ONLY) - FSI;[US, Wisconsin—Birth Records, 1964–1980|https://www.familysearch.org/indexing/admin-new/#/projects/BBAAD840-13AA-4D2A-A481-583F595F2ECB/overview] \\ [US, Wisconsin—Birth Records, Charge-Out Forms, 1964–1980 \[Part B\]|https://www.familysearch.org/indexing/admin-new/#/projects/D2FF9F8F-D129-4383-A197-A48C5E4B06D3/overview];In Production \\ In Production;[US, Wisconsin—Birth Records, 1964–1980|https://www.familysearch.org/indexing/admin-new/#/projects/BBAAD840-13AA-4D2A-A481-583F595F2ECB/overview];[8EBC8518-A705-4781-A56E-BC77E2CAE034|https://www.familysearch.org/indexing/admin-new/#/projects/BBAAD840-13AA-4D2A-A481-583F595F2ECB/manage/8EBC8518-A705-4781-A56E-BC77E2CAE034/batches/list];READY_FOR_DELIVERY;
104910955;18-0127: Wisconsin, Wisconsin Vital Records Office, Birth Records, 1964-1980 - (Ancestry 47754) - FSI \\ 18-1425: Wisconsin, Wisconsin Vital Records Office, Birth Records, 1964-1980 - (ACOM, NED IMAGES, ROC ONLY) - FSI;[US, Wisconsin—Birth Records, 1964–1980|https://www.familysearch.org/indexing/admin-new/#/projects/BBAAD840-13AA-4D2A-A481-583F595F2ECB/overview] \\ [US, Wisconsin—Birth Records, Charge-Out Forms, 1964–1980 \[Part B\]|https://www.familysearch.org/indexing/admin-new/#/projects/D2FF9F8F-D129-4383-A197-A48C5E4B06D3/overview];In Production \\ In Production;[US, Wisconsin—Birth Records, 1964–1980|https://www.familysearch.org/indexing/admin-new/#/projects/BBAAD840-13AA-4D2A-A481-583F595F2ECB/overview];[A7857D2A-9391-4413-BA00-52DCEAA2208D|https://www.familysearch.org/indexing/admin-new/#/projects/BBAAD840-13AA-4D2A-A481-583F595F2ECB/manage/A7857D2A-9391-4413-BA00-52DCEAA2208D/batches/list];READY_FOR_DELIVERY;
104910956;18-0127: Wisconsin, Wisconsin Vital Records Office, Birth Records, 1964-1980 - (Ancestry 47754) - FSI \\ 18-1425: Wisconsin, Wisconsin Vital Records Office, Birth Records, 1964-1980 - (ACOM, NED IMAGES, ROC ONLY) - FSI;[US, Wisconsin—Birth Records, 1964–1980|https://www.familysearch.org/indexing/admin-new/#/projects/BBAAD840-13AA-4D2A-A481-583F595F2ECB/overview] \\ [US, Wisconsin—Birth Records, Charge-Out Forms, 1964–1980 \[Part B\]|https://www.familysearch.org/indexing/admin-new/#/projects/D2FF9F8F-D129-4383-A197-A48C5E4B06D3/overview];In Production \\ In Production;[US, Wisconsin—Birth Records, 1964–1980|https://www.familysearch.org/indexing/admin-new/#/projects/BBAAD840-13AA-4D2A-A481-583F595F2ECB/overview];[78A80B8E-996D-4324-995D-36D783F7E498|https://www.familysearch.org/indexing/admin-new/#/projects/BBAAD840-13AA-4D2A-A481-583F595F2ECB/manage/78A80B8E-996D-4324-995D-36D783F7E498/batches/list];READY_FOR_DELIVERY;
104910957;18-0127: Wisconsin, Wisconsin Vital Records Office, Birth Records, 1964-1980 - (Ancestry 47754) - FSI \\ 18-1425: Wisconsin, Wisconsin Vital Records Office, Birth Records, 1964-1980 - (ACOM, NED IMAGES, ROC ONLY) - FSI;[US, Wisconsin—Birth Records, 1964–1980|https://www.familysearch.org/indexing/admin-new/#/projects/BBAAD840-13AA-4D2A-A481-583F595F2ECB/overview] \\ [US, Wisconsin—Birth Records, Charge-Out Forms, 1964–1980 \[Part B\]|https://www.familysearch.org/indexing/admin-new/#/projects/D2FF9F8F-D129-4383-A197-A48C5E4B06D3/overview];In Production \\ In Production;[US, Wisconsin—Birth Records, 1964–1980|https://www.familysearch.org/indexing/admin-new/#/projects/BBAAD840-13AA-4D2A-A481-583F595F2ECB/overview];[CDC99089-5EB1-408A-80D0-8E264DAD40E9|https://www.familysearch.org/indexing/admin-new/#/projects/BBAAD840-13AA-4D2A-A481-583F595F2ECB/manage/CDC99089-5EB1-408A-80D0-8E264DAD40E9/batches/list];READY_FOR_DELIVERY;
104910958;18-0127: Wisconsin, Wisconsin Vital Records Office, Birth Records, 1964-1980 - (Ancestry 47754) - FSI \\ 18-1425: Wisconsin, Wisconsin Vital Records Office, Birth Records, 1964-1980 - (ACOM, NED IMAGES, ROC ONLY) - FSI;[US, Wisconsin—Birth Records, 1964–1980|https://www.familysearch.org/indexing/admin-new/#/projects/BBAAD840-13AA-4D2A-A481-583F595F2ECB/overview] \\ [US, Wisconsin—Birth Records, Charge-Out Forms, 1964–1980 \[Part B\]|https://www.familysearch.org/indexing/admin-new/#/projects/D2FF9F8F-D129-4383-A197-A48C5E4B06D3/overview];In Production \\ In Production;[US, Wisconsin—Birth Records, 1964–1980|https://www.familysearch.org/indexing/admin-new/#/projects/BBAAD840-13AA-4D2A-A481-583F595F2ECB/overview];[FA8D1FF1-E572-4FEF-A24F-571B578EBC74|https://www.familysearch.org/indexing/admin-new/#/projects/BBAAD840-13AA-4D2A-A481-583F595F2ECB/manage/FA8D1FF1-E572-4FEF-A24F-571B578EBC74/batches/list];READY_FOR_DELIVERY;
104910959;18-0127: Wisconsin, Wisconsin Vital Records Office, Birth Records, 1964-1980 - (Ancestry 47754) - FSI \\ 18-1425: Wisconsin, Wisconsin Vital Records Office, Birth Records, 1964-1980 - (ACOM, NED IMAGES, ROC ONLY) - FSI;[US, Wisconsin—Birth Records, 1964–1980|https://www.familysearch.org/indexing/admin-new/#/projects/BBAAD840-13AA-4D2A-A481-583F595F2ECB/overview] \\ [US, Wisconsin—Birth Records, Charge-Out Forms, 1964–1980 \[Part B\]|https://www.familysearch.org/indexing/admin-new/#/projects/D2FF9F8F-D129-4383-A197-A48C5E4B06D3/overview];In Production \\ In Production;[US, Wisconsin—Birth Records, 1964–1980|https://www.familysearch.org/indexing/admin-new/#/projects/BBAAD840-13AA-4D2A-A481-583F595F2ECB/overview];[5F484D33-B623-4C31-8C1C-C28B212F627D|https://www.familysearch.org/indexing/admin-new/#/projects/BBAAD840-13AA-4D2A-A481-583F595F2ECB/manage/5F484D33-B623-4C31-8C1C-C28B212F627D/batches/list];READY_FOR_DELIVERY;
104910960;18-0127: Wisconsin, Wisconsin Vital Records Office, Birth Records, 1964-1980 - (Ancestry 47754) - FSI \\ 18-1425: Wisconsin, Wisconsin Vital Records Office, Birth Records, 1964-1980 - (ACOM, NED IMAGES, ROC ONLY) - FSI;[US, Wisconsin—Birth Records, 1964–1980|https://www.familysearch.org/indexing/admin-new/#/projects/BBAAD840-13AA-4D2A-A481-583F595F2ECB/overview] \\ [US, Wisconsin—Birth Records, Charge-Out Forms, 1964–1980 \[Part B\]|https://www.familysearch.org/indexing/admin-new/#/projects/D2FF9F8F-D129-4383-A197-A48C5E4B06D3/overview];In Production \\ In Production;[US, Wisconsin—Birth Records, 1964–1980|https://www.familysearch.org/indexing/admin-new/#/projects/BBAAD840-13AA-4D2A-A481-583F595F2ECB/overview];[6CC1BC1C-C21E-4B60-8015-73324BD8A9C2|https://www.familysearch.org/indexing/admin-new/#/projects/BBAAD840-13AA-4D2A-A481-583F595F2ECB/manage/6CC1BC1C-C21E-4B60-8015-73324BD8A9C2/batches/list];READY_FOR_DELIVERY;
104910961;18-0127: Wisconsin, Wisconsin Vital Records Office, Birth Records, 1964-1980 - (Ancestry 47754) - FSI \\ 18-1425: Wisconsin, Wisconsin Vital Records Office, Birth Records, 1964-1980 - (ACOM, NED IMAGES, ROC ONLY) - FSI;[US, Wisconsin—Birth Records, 1964–1980|https://www.familysearch.org/indexing/admin-new/#/projects/BBAAD840-13AA-4D2A-A481-583F595F2ECB/overview] \\ [US, Wisconsin—Birth Records, Charge-Out Forms, 1964–1980 \[Part B\]|https://www.familysearch.org/indexing/admin-new/#/projects/D2FF9F8F-D129-4383-A197-A48C5E4B06D3/overview];In Production \\ In Production;[US, Wisconsin—Birth Records, 1964–1980|https://www.familysearch.org/indexing/admin-new/#/projects/BBAAD840-13AA-4D2A-A481-583F595F2ECB/overview];[F90F71A9-C5D9-4BD7-AFE6-BFB24CE53577|https://www.familysearch.org/indexing/admin-new/#/projects/BBAAD840-13AA-4D2A-A481-583F595F2ECB/manage/F90F71A9-C5D9-4BD7-AFE6-BFB24CE53577/batches/list];READY_FOR_DELIVERY;
104910962;18-0127: Wisconsin, Wisconsin Vital Records Office, Birth Records, 1964-1980 - (Ancestry 47754) - FSI \\ 18-1425: Wisconsin, Wisconsin Vital Records Office, Birth Records, 1964-1980 - (ACOM, NED IMAGES, ROC ONLY) - FSI;[US, Wisconsin—Birth Records, 1964–1980|https://www.familysearch.org/indexing/admin-new/#/projects/BBAAD840-13AA-4D2A-A481-583F595F2ECB/overview] \\ [US, Wisconsin—Birth Records, Charge-Out Forms, 1964–1980 \[Part B\]|https://www.familysearch.org/indexing/admin-new/#/projects/D2FF9F8F-D129-4383-A197-A48C5E4B06D3/overview];In Production \\ In Production;[US, Wisconsin—Birth Records, 1964–1980|https://www.familysearch.org/indexing/admin-new/#/projects/BBAAD840-13AA-4D2A-A481-583F595F2ECB/overview];[7B67AD5B-500D-498F-902D-3CDC88D4D2EC|https://www.familysearch.org/indexing/admin-new/#/projects/BBAAD840-13AA-4D2A-A481-583F595F2ECB/manage/7B67AD5B-500D-498F-902D-3CDC88D4D2EC/batches/list];READY_FOR_DELIVERY;
104910963;18-0127: Wisconsin, Wisconsin Vital Records Office, Birth Records, 1964-1980 - (Ancestry 47754) - FSI \\ 18-1425: Wisconsin, Wisconsin Vital Records Office, Birth Records, 1964-1980 - (ACOM, NED IMAGES, ROC ONLY) - FSI;[US, Wisconsin—Birth Records, 1964–1980|https://www.familysearch.org/indexing/admin-new/#/projects/BBAAD840-13AA-4D2A-A481-583F595F2ECB/overview] \\ [US, Wisconsin—Birth Records, Charge-Out Forms, 1964–1980 \[Part B\]|https://www.familysearch.org/indexing/admin-new/#/projects/D2FF9F8F-D129-4383-A197-A48C5E4B06D3/overview];In Production \\ In Production;[US, Wisconsin—Birth Records, 1964–1980|https://www.familysearch.org/indexing/admin-new/#/projects/BBAAD840-13AA-4D2A-A481-583F595F2ECB/overview];[A30D46F6-0AB5-4253-95F2-F3721BFAB2E1|https://www.familysearch.org/indexing/admin-new/#/projects/BBAAD840-13AA-4D2A-A481-583F595F2ECB/manage/A30D46F6-0AB5-4253-95F2-F3721BFAB2E1/batches/list];READY_FOR_DELIVERY;
104910964;18-0127: Wisconsin, Wisconsin Vital Records Office, Birth Records, 1964-1980 - (Ancestry 47754) - FSI \\ 18-1425: Wisconsin, Wisconsin Vital Records Office, Birth Records, 1964-1980 - (ACOM, NED IMAGES, ROC ONLY) - FSI;[US, Wisconsin—Birth Records, 1964–1980|https://www.familysearch.org/indexing/admin-new/#/projects/BBAAD840-13AA-4D2A-A481-583F595F2ECB/overview] \\ [US, Wisconsin—Birth Records, Charge-Out Forms, 1964–1980 \[Part B\]|https://www.familysearch.org/indexing/admin-new/#/projects/D2FF9F8F-D129-4383-A197-A48C5E4B06D3/overview];In Production \\ In Production;[US, Wisconsin—Birth Records, 1964–1980|https://www.familysearch.org/indexing/admin-new/#/projects/BBAAD840-13AA-4D2A-A481-583F595F2ECB/overview];[3FF34CC0-FCA4-4BCF-A2A2-72EE214C0C5B|https://www.familysearch.org/indexing/admin-new/#/projects/BBAAD840-13AA-4D2A-A481-583F595F2ECB/manage/3FF34CC0-FCA4-4BCF-A2A2-72EE214C0C5B/batches/list];READY_FOR_DELIVERY;
104910965;18-0127: Wisconsin, Wisconsin Vital Records Office, Birth Records, 1964-1980 - (Ancestry 47754) - FSI \\ 18-1425: Wisconsin, Wisconsin Vital Records Office, Birth Records, 1964-1980 - (ACOM, NED IMAGES, ROC ONLY) - FSI;[US, Wisconsin—Birth Records, 1964–1980|https://www.familysearch.org/indexing/admin-new/#/projects/BBAAD840-13AA-4D2A-A481-583F595F2ECB/overview] \\ [US, Wisconsin—Birth Records, Charge-Out Forms, 1964–1980 \[Part B\]|https://www.familysearch.org/indexing/admin-new/#/projects/D2FF9F8F-D129-4383-A197-A48C5E4B06D3/overview];In Production \\ In Production;[US, Wisconsin—Birth Records, 1964–1980|https://www.familysearch.org/indexing/admin-new/#/projects/BBAAD840-13AA-4D2A-A481-583F595F2ECB/overview];[C7CA24AE-515F-47C6-B26B-3A6C2ED53479|https://www.familysearch.org/indexing/admin-new/#/projects/BBAAD840-13AA-4D2A-A481-583F595F2ECB/manage/C7CA24AE-515F-47C6-B26B-3A6C2ED53479/batches/list];READY_FOR_DELIVERY;
104910966;18-0127: Wisconsin, Wisconsin Vital Records Office, Birth Records, 1964-1980 - (Ancestry 47754) - FSI \\ 18-1425: Wisconsin, Wisconsin Vital Records Office, Birth Records, 1964-1980 - (ACOM, NED IMAGES, ROC ONLY) - FSI;[US, Wisconsin—Birth Records, 1964–1980|https://www.familysearch.org/indexing/admin-new/#/projects/BBAAD840-13AA-4D2A-A481-583F595F2ECB/overview] \\ [US, Wisconsin—Birth Records, Charge-Out Forms, 1964–1980 \[Part B\]|https://www.familysearch.org/indexing/admin-new/#/projects/D2FF9F8F-D129-4383-A197-A48C5E4B06D3/overview];In Production \\ In Production;[US, Wisconsin—Birth Records, 1964–1980|https://www.familysearch.org/indexing/admin-new/#/projects/BBAAD840-13AA-4D2A-A481-583F595F2ECB/overview];[2797A5C8-7F72-46A3-B4B2-D327114E8E7C|https://www.familysearch.org/indexing/admin-new/#/projects/BBAAD840-13AA-4D2A-A481-583F595F2ECB/manage/2797A5C8-7F72-46A3-B4B2-D327114E8E7C/batches/list];READY_FOR_DELIVERY;
104910967;18-0127: Wisconsin, Wisconsin Vital Records Office, Birth Records, 1964-1980 - (Ancestry 47754) - FSI \\ 18-1425: Wisconsin, Wisconsin Vital Records Office, Birth Records, 1964-1980 - (ACOM, NED IMAGES, ROC ONLY) - FSI;[US, Wisconsin—Birth Records, 1964–1980|https://www.familysearch.org/indexing/admin-new/#/projects/BBAAD840-13AA-4D2A-A481-583F595F2ECB/overview] \\ [US, Wisconsin—Birth Records, Charge-Out Forms, 1964–1980 \[Part B\]|https://www.familysearch.org/indexing/admin-new/#/projects/D2FF9F8F-D129-4383-A197-A48C5E4B06D3/overview];In Production \\ In Production;[US, Wisconsin—Birth Records, 1964–1980|https://www.familysearch.org/indexing/admin-new/#/projects/BBAAD840-13AA-4D2A-A481-583F595F2ECB/overview];[B0A04973-B9E6-4DA4-8C08-F85FB2441A18|https://www.familysearch.org/indexing/admin-new/#/projects/BBAAD840-13AA-4D2A-A481-583F595F2ECB/manage/B0A04973-B9E6-4DA4-8C08-F85FB2441A18/batches/list];READY_FOR_DELIVERY;
104910968;18-0127: Wisconsin, Wisconsin Vital Records Office, Birth Records, 1964-1980 - (Ancestry 47754) - FSI \\ 18-1425: Wisconsin, Wisconsin Vital Records Office, Birth Records, 1964-1980 - (ACOM, NED IMAGES, ROC ONLY) - FSI;[US, Wisconsin—Birth Records, 1964–1980|https://www.familysearch.org/indexing/admin-new/#/projects/BBAAD840-13AA-4D2A-A481-583F595F2ECB/overview] \\ [US, Wisconsin—Birth Records, Charge-Out Forms, 1964–1980 \[Part B\]|https://www.familysearch.org/indexing/admin-new/#/projects/D2FF9F8F-D129-4383-A197-A48C5E4B06D3/overview];In Production \\ In Production;[US, Wisconsin—Birth Records, 1964–1980|https://www.familysearch.org/indexing/admin-new/#/projects/BBAAD840-13AA-4D2A-A481-583F595F2ECB/overview];[EBD7398C-C361-4042-8311-559E50ED0894|https://www.familysearch.org/indexing/admin-new/#/projects/BBAAD840-13AA-4D2A-A481-583F595F2ECB/manage/EBD7398C-C361-4042-8311-559E50ED0894/batches/list];READY_FOR_DELIVERY;
104910969;18-0127: Wisconsin, Wisconsin Vital Records Office, Birth Records, 1964-1980 - (Ancestry 47754) - FSI \\ 18-1425: Wisconsin, Wisconsin Vital Records Office, Birth Records, 1964-1980 - (ACOM, NED IMAGES, ROC ONLY) - FSI;[US, Wisconsin—Birth Records, 1964–1980|https://www.familysearch.org/indexing/admin-new/#/projects/BBAAD840-13AA-4D2A-A481-583F595F2ECB/overview] \\ [US, Wisconsin—Birth Records, Charge-Out Forms, 1964–1980 \[Part B\]|https://www.familysearch.org/indexing/admin-new/#/projects/D2FF9F8F-D129-4383-A197-A48C5E4B06D3/overview];In Production \\ In Production;[US, Wisconsin—Birth Records, 1964–1980|https://www.familysearch.org/indexing/admin-new/#/projects/BBAAD840-13AA-4D2A-A481-583F595F2ECB/overview];[AE8DD842-1C3D-41D7-87D7-48123B0D877A|https://www.familysearch.org/indexing/admin-new/#/projects/BBAAD840-13AA-4D2A-A481-583F595F2ECB/manage/AE8DD842-1C3D-41D7-87D7-48123B0D877A/batches/list];READY_FOR_DELIVERY;
104910970;18-0127: Wisconsin, Wisconsin Vital Records Office, Birth Records, 1964-1980 - (Ancestry 47754) - FSI \\ 18-1425: Wisconsin, Wisconsin Vital Records Office, Birth Records, 1964-1980 - (ACOM, NED IMAGES, ROC ONLY) - FSI;[US, Wisconsin—Birth Records, 1964–1980|https://www.familysearch.org/indexing/admin-new/#/projects/BBAAD840-13AA-4D2A-A481-583F595F2ECB/overview] \\ [US, Wisconsin—Birth Records, Charge-Out Forms, 1964–1980 \[Part B\]|https://www.familysearch.org/indexing/admin-new/#/projects/D2FF9F8F-D129-4383-A197-A48C5E4B06D3/overview];In Production \\ In Production;[US, Wisconsin—Birth Records, 1964–1980|https://www.familysearch.org/indexing/admin-new/#/projects/BBAAD840-13AA-4D2A-A481-583F595F2ECB/overview];[86B8D473-B334-403D-B91A-F7E37A67D078|https://www.familysearch.org/indexing/admin-new/#/projects/BBAAD840-13AA-4D2A-A481-583F595F2ECB/manage/86B8D473-B334-403D-B91A-F7E37A67D078/batches/list];READY_FOR_DELIVERY;
104910971;18-0127: Wisconsin, Wisconsin Vital Records Office, Birth Records, 1964-1980 - (Ancestry 47754) - FSI \\ 18-1425: Wisconsin, Wisconsin Vital Records Office, Birth Records, 1964-1980 - (ACOM, NED IMAGES, ROC ONLY) - FSI;[US, Wisconsin—Birth Records, 1964–1980|https://www.familysearch.org/indexing/admin-new/#/projects/BBAAD840-13AA-4D2A-A481-583F595F2ECB/overview] \\ [US, Wisconsin—Birth Records, Charge-Out Forms, 1964–1980 \[Part B\]|https://www.familysearch.org/indexing/admin-new/#/projects/D2FF9F8F-D129-4383-A197-A48C5E4B06D3/overview];In Production \\ In Production;[US, Wisconsin—Birth Records, 1964–1980|https://www.familysearch.org/indexing/admin-new/#/projects/BBAAD840-13AA-4D2A-A481-583F595F2ECB/overview];[B0D40B27-C637-4F32-8FBC-EAC82B9F3C7C|https://www.familysearch.org/indexing/admin-new/#/projects/BBAAD840-13AA-4D2A-A481-583F595F2ECB/manage/B0D40B27-C637-4F32-8FBC-EAC82B9F3C7C/batches/list];READY_FOR_DELIVERY;
104910972;18-0127: Wisconsin, Wisconsin Vital Records Office, Birth Records, 1964-1980 - (Ancestry 47754) - FSI \\ 18-1425: Wisconsin, Wisconsin Vital Records Office, Birth Records, 1964-1980 - (ACOM, NED IMAGES, ROC ONLY) - FSI;[US, Wisconsin—Birth Records, 1964–1980|https://www.familysearch.org/indexing/admin-new/#/projects/BBAAD840-13AA-4D2A-A481-583F595F2ECB/overview] \\ [US, Wisconsin—Birth Records, Charge-Out Forms, 1964–1980 \[Part B\]|https://www.familysearch.org/indexing/admin-new/#/projects/D2FF9F8F-D129-4383-A197-A48C5E4B06D3/overview];In Production \\ In Production;[US, Wisconsin—Birth Records, 1964–1980|https://www.familysearch.org/indexing/admin-new/#/projects/BBAAD840-13AA-4D2A-A481-583F595F2ECB/overview];[D1B4160B-9052-4BA0-ADD1-23A368414C0B|https://www.familysearch.org/indexing/admin-new/#/projects/BBAAD840-13AA-4D2A-A481-583F595F2ECB/manage/D1B4160B-9052-4BA0-ADD1-23A368414C0B/batches/list];READY_FOR_DELIVERY;
104910973;18-0127: Wisconsin, Wisconsin Vital Records Office, Birth Records, 1964-1980 - (Ancestry 47754) - FSI \\ 18-1425: Wisconsin, Wisconsin Vital Records Office, Birth Records, 1964-1980 - (ACOM, NED IMAGES, ROC ONLY) - FSI;[US, Wisconsin—Birth Records, 1964–1980|https://www.familysearch.org/indexing/admin-new/#/projects/BBAAD840-13AA-4D2A-A481-583F595F2ECB/overview] \\ [US, Wisconsin—Birth Records, Charge-Out Forms, 1964–1980 \[Part B\]|https://www.familysearch.org/indexing/admin-new/#/projects/D2FF9F8F-D129-4383-A197-A48C5E4B06D3/overview];In Production \\ In Production;[US, Wisconsin—Birth Records, 1964–1980|https://www.familysearch.org/indexing/admin-new/#/projects/BBAAD840-13AA-4D2A-A481-583F595F2ECB/overview];[38314F80-06D6-47F8-89FF-4056C79A1BF4|https://www.familysearch.org/indexing/admin-new/#/projects/BBAAD840-13AA-4D2A-A481-583F595F2ECB/manage/38314F80-06D6-47F8-89FF-4056C79A1BF4/batches/list];READY_FOR_DELIVERY;
104910974;18-0127: Wisconsin, Wisconsin Vital Records Office, Birth Records, 1964-1980 - (Ancestry 47754) - FSI \\ 18-1425: Wisconsin, Wisconsin Vital Records Office, Birth Records, 1964-1980 - (ACOM, NED IMAGES, ROC ONLY) - FSI;[US, Wisconsin—Birth Records, 1964–1980|https://www.familysearch.org/indexing/admin-new/#/projects/BBAAD840-13AA-4D2A-A481-583F595F2ECB/overview] \\ [US, Wisconsin—Birth Records, Charge-Out Forms, 1964–1980 \[Part B\]|https://www.familysearch.org/indexing/admin-new/#/projects/D2FF9F8F-D129-4383-A197-A48C5E4B06D3/overview];In Production \\ In Production;[US, Wisconsin—Birth Records, 1964–1980|https://www.familysearch.org/indexing/admin-new/#/projects/BBAAD840-13AA-4D2A-A481-583F595F2ECB/overview];[DDFEAA1C-DE84-4673-B935-7DAC7985E050|https://www.familysearch.org/indexing/admin-new/#/projects/BBAAD840-13AA-4D2A-A481-583F595F2ECB/manage/DDFEAA1C-DE84-4673-B935-7DAC7985E050/batches/list];READY_FOR_DELIVERY;
104910975;18-0127: Wisconsin, Wisconsin Vital Records Office, Birth Records, 1964-1980 - (Ancestry 47754) - FSI \\ 18-1425: Wisconsin, Wisconsin Vital Records Office, Birth Records, 1964-1980 - (ACOM, NED IMAGES, ROC ONLY) - FSI;[US, Wisconsin—Birth Records, 1964–1980|https://www.familysearch.org/indexing/admin-new/#/projects/BBAAD840-13AA-4D2A-A481-583F595F2ECB/overview] \\ [US, Wisconsin—Birth Records, Charge-Out Forms, 1964–1980 \[Part B\]|https://www.familysearch.org/indexing/admin-new/#/projects/D2FF9F8F-D129-4383-A197-A48C5E4B06D3/overview];In Production \\ In Production;[US, Wisconsin—Birth Records, 1964–1980|https://www.familysearch.org/indexing/admin-new/#/projects/BBAAD840-13AA-4D2A-A481-583F595F2ECB/overview];[8367C395-9801-4FB5-8E8A-7290B1D2FA90|https://www.familysearch.org/indexing/admin-new/#/projects/BBAAD840-13AA-4D2A-A481-583F595F2ECB/manage/8367C395-9801-4FB5-8E8A-7290B1D2FA90/batches/list];READY_FOR_DELIVERY;
104910976;18-0127: Wisconsin, Wisconsin Vital Records Office, Birth Records, 1964-1980 - (Ancestry 47754) - FSI \\ 18-1425: Wisconsin, Wisconsin Vital Records Office, Birth Records, 1964-1980 - (ACOM, NED IMAGES, ROC ONLY) - FSI;[US, Wisconsin—Birth Records, 1964–1980|https://www.familysearch.org/indexing/admin-new/#/projects/BBAAD840-13AA-4D2A-A481-583F595F2ECB/overview] \\ [US, Wisconsin—Birth Records, Charge-Out Forms, 1964–1980 \[Part B\]|https://www.familysearch.org/indexing/admin-new/#/projects/D2FF9F8F-D129-4383-A197-A48C5E4B06D3/overview];In Production \\ In Production;[US, Wisconsin—Birth Records, 1964–1980|https://www.familysearch.org/indexing/admin-new/#/projects/BBAAD840-13AA-4D2A-A481-583F595F2ECB/overview];[42C2B453-D355-498F-BADD-838F68FDDED5|https://www.familysearch.org/indexing/admin-new/#/projects/BBAAD840-13AA-4D2A-A481-583F595F2ECB/manage/42C2B453-D355-498F-BADD-838F68FDDED5/batches/list];READY_FOR_DELIVERY;
104910977;18-0127: Wisconsin, Wisconsin Vital Records Office, Birth Records, 1964-1980 - (Ancestry 47754) - FSI \\ 18-1425: Wisconsin, Wisconsin Vital Records Office, Birth Records, 1964-1980 - (ACOM, NED IMAGES, ROC ONLY) - FSI;[US, Wisconsin—Birth Records, 1964–1980|https://www.familysearch.org/indexing/admin-new/#/projects/BBAAD840-13AA-4D2A-A481-583F595F2ECB/overview] \\ [US, Wisconsin—Birth Records, Charge-Out Forms, 1964–1980 \[Part B\]|https://www.familysearch.org/indexing/admin-new/#/projects/D2FF9F8F-D129-4383-A197-A48C5E4B06D3/overview];In Production \\ In Production;[US, Wisconsin—Birth Records, 1964–1980|https://www.familysearch.org/indexing/admin-new/#/projects/BBAAD840-13AA-4D2A-A481-583F595F2ECB/overview];[1CB08067-A2F3-4E13-969B-A1297B153272|https://www.familysearch.org/indexing/admin-new/#/projects/BBAAD840-13AA-4D2A-A481-583F595F2ECB/manage/1CB08067-A2F3-4E13-969B-A1297B153272/batches/list];READY_FOR_DELIVERY;
104910978;18-0127: Wisconsin, Wisconsin Vital Records Office, Birth Records, 1964-1980 - (Ancestry 47754) - FSI \\ 18-1425: Wisconsin, Wisconsin Vital Records Office, Birth Records, 1964-1980 - (ACOM, NED IMAGES, ROC ONLY) - FSI;[US, Wisconsin—Birth Records, 1964–1980|https://www.familysearch.org/indexing/admin-new/#/projects/BBAAD840-13AA-4D2A-A481-583F595F2ECB/overview] \\ [US, Wisconsin—Birth Records, Charge-Out Forms, 1964–1980 \[Part B\]|https://www.familysearch.org/indexing/admin-new/#/projects/D2FF9F8F-D129-4383-A197-A48C5E4B06D3/overview];In Production \\ In Production;[US, Wisconsin—Birth Records, 1964–1980|https://www.familysearch.org/indexing/admin-new/#/projects/BBAAD840-13AA-4D2A-A481-583F595F2ECB/overview];[F6933F2C-93B2-4FD7-9C1F-F0B6A5806032|https://www.familysearch.org/indexing/admin-new/#/projects/BBAAD840-13AA-4D2A-A481-583F595F2ECB/manage/F6933F2C-93B2-4FD7-9C1F-F0B6A5806032/batches/list];READY_FOR_DELIVERY;
104910979;18-0127: Wisconsin, Wisconsin Vital Records Office, Birth Records, 1964-1980 - (Ancestry 47754) - FSI \\ 18-1425: Wisconsin, Wisconsin Vital Records Office, Birth Records, 1964-1980 - (ACOM, NED IMAGES, ROC ONLY) - FSI;[US, Wisconsin—Birth Records, 1964–1980|https://www.familysearch.org/indexing/admin-new/#/projects/BBAAD840-13AA-4D2A-A481-583F595F2ECB/overview] \\ [US, Wisconsin—Birth Records, Charge-Out Forms, 1964–1980 \[Part B\]|https://www.familysearch.org/indexing/admin-new/#/projects/D2FF9F8F-D129-4383-A197-A48C5E4B06D3/overview];In Production \\ In Production;[US, Wisconsin—Birth Records, 1964–1980|https://www.familysearch.org/indexing/admin-new/#/projects/BBAAD840-13AA-4D2A-A481-583F595F2ECB/overview];[AEE601D1-69B2-4BE9-80D6-B5A7804FBA27|https://www.familysearch.org/indexing/admin-new/#/projects/BBAAD840-13AA-4D2A-A481-583F595F2ECB/manage/AEE601D1-69B2-4BE9-80D6-B5A7804FBA27/batches/list];READY_FOR_DELIVERY;
104910980;18-0127: Wisconsin, Wisconsin Vital Records Office, Birth Records, 1964-1980 - (Ancestry 47754) - FSI \\ 18-1425: Wisconsin, Wisconsin Vital Records Office, Birth Records, 1964-1980 - (ACOM, NED IMAGES, ROC ONLY) - FSI;[US, Wisconsin—Birth Records, 1964–1980|https://www.familysearch.org/indexing/admin-new/#/projects/BBAAD840-13AA-4D2A-A481-583F595F2ECB/overview] \\ [US, Wisconsin—Birth Records, Charge-Out Forms, 1964–1980 \[Part B\]|https://www.familysearch.org/indexing/admin-new/#/projects/D2FF9F8F-D129-4383-A197-A48C5E4B06D3/overview];In Production \\ In Production;[US, Wisconsin—Birth Records, 1964–1980|https://www.familysearch.org/indexing/admin-new/#/projects/BBAAD840-13AA-4D2A-A481-583F595F2ECB/overview];[9D9F0206-2483-4DB7-937F-E7403B5B14CD|https://www.familysearch.org/indexing/admin-new/#/projects/BBAAD840-13AA-4D2A-A481-583F595F2ECB/manage/9D9F0206-2483-4DB7-937F-E7403B5B14CD/batches/list];READY_FOR_DELIVERY;
104910981;18-0127: Wisconsin, Wisconsin Vital Records Office, Birth Records, 1964-1980 - (Ancestry 47754) - FSI \\ 18-1425: Wisconsin, Wisconsin Vital Records Office, Birth Records, 1964-1980 - (ACOM, NED IMAGES, ROC ONLY) - FSI;[US, Wisconsin—Birth Records, 1964–1980|https://www.familysearch.org/indexing/admin-new/#/projects/BBAAD840-13AA-4D2A-A481-583F595F2ECB/overview] \\ [US, Wisconsin—Birth Records, Charge-Out Forms, 1964–1980 \[Part B\]|https://www.familysearch.org/indexing/admin-new/#/projects/D2FF9F8F-D129-4383-A197-A48C5E4B06D3/overview];In Production \\ In Production;[US, Wisconsin—Birth Records, 1964–1980|https://www.familysearch.org/indexing/admin-new/#/projects/BBAAD840-13AA-4D2A-A481-583F595F2ECB/overview];[E9309486-98EC-4CFF-9632-15C943D0C28C|https://www.familysearch.org/indexing/admin-new/#/projects/BBAAD840-13AA-4D2A-A481-583F595F2ECB/manage/E9309486-98EC-4CFF-9632-15C943D0C28C/batches/list];READY_FOR_DELIVERY;
104910982;18-0127: Wisconsin, Wisconsin Vital Records Office, Birth Records, 1964-1980 - (Ancestry 47754) - FSI \\ 18-1425: Wisconsin, Wisconsin Vital Records Office, Birth Records, 1964-1980 - (ACOM, NED IMAGES, ROC ONLY) - FSI;[US, Wisconsin—Birth Records, 1964–1980|https://www.familysearch.org/indexing/admin-new/#/projects/BBAAD840-13AA-4D2A-A481-583F595F2ECB/overview] \\ [US, Wisconsin—Birth Records, Charge-Out Forms, 1964–1980 \[Part B\]|https://www.familysearch.org/indexing/admin-new/#/projects/D2FF9F8F-D129-4383-A197-A48C5E4B06D3/overview];In Production \\ In Production;[US, Wisconsin—Birth Records, 1964–1980|https://www.familysearch.org/indexing/admin-new/#/projects/BBAAD840-13AA-4D2A-A481-583F595F2ECB/overview];[CE25F274-F473-4D21-819B-A1C11473074E|https://www.familysearch.org/indexing/admin-new/#/projects/BBAAD840-13AA-4D2A-A481-583F595F2ECB/manage/CE25F274-F473-4D21-819B-A1C11473074E/batches/list];READY_FOR_DELIVERY;
104910983;18-0127: Wisconsin, Wisconsin Vital Records Office, Birth Records, 1964-1980 - (Ancestry 47754) - FSI \\ 18-1425: Wisconsin, Wisconsin Vital Records Office, Birth Records, 1964-1980 - (ACOM, NED IMAGES, ROC ONLY) - FSI;[US, Wisconsin—Birth Records, 1964–1980|https://www.familysearch.org/indexing/admin-new/#/projects/BBAAD840-13AA-4D2A-A481-583F595F2ECB/overview] \\ [US, Wisconsin—Birth Records, Charge-Out Forms, 1964–1980 \[Part B\]|https://www.familysearch.org/indexing/admin-new/#/projects/D2FF9F8F-D129-4383-A197-A48C5E4B06D3/overview];In Production \\ In Production;[US, Wisconsin—Birth Records, 1964–1980|https://www.familysearch.org/indexing/admin-new/#/projects/BBAAD840-13AA-4D2A-A481-583F595F2ECB/overview];[4FB180EF-F23A-46CC-92FA-D31F28BD8F3B|https://www.familysearch.org/indexing/admin-new/#/projects/BBAAD840-13AA-4D2A-A481-583F595F2ECB/manage/4FB180EF-F23A-46CC-92FA-D31F28BD8F3B/batches/list];READY_FOR_DELIVERY;
104910984;18-0127: Wisconsin, Wisconsin Vital Records Office, Birth Records, 1964-1980 - (Ancestry 47754) - FSI \\ 18-1425: Wisconsin, Wisconsin Vital Records Office, Birth Records, 1964-1980 - (ACOM, NED IMAGES, ROC ONLY) - FSI;[US, Wisconsin—Birth Records, 1964–1980|https://www.familysearch.org/indexing/admin-new/#/projects/BBAAD840-13AA-4D2A-A481-583F595F2ECB/overview] \\ [US, Wisconsin—Birth Records, Charge-Out Forms, 1964–1980 \[Part B\]|https://www.familysearch.org/indexing/admin-new/#/projects/D2FF9F8F-D129-4383-A197-A48C5E4B06D3/overview];In Production \\ In Production;[US, Wisconsin—Birth Records, 1964–1980|https://www.familysearch.org/indexing/admin-new/#/projects/BBAAD840-13AA-4D2A-A481-583F595F2ECB/overview];[B019B03D-A516-46D9-A2CA-D934B133640E|https://www.familysearch.org/indexing/admin-new/#/projects/BBAAD840-13AA-4D2A-A481-583F595F2ECB/manage/B019B03D-A516-46D9-A2CA-D934B133640E/batches/list];READY_FOR_DELIVERY;
104910985;18-0127: Wisconsin, Wisconsin Vital Records Office, Birth Records, 1964-1980 - (Ancestry 47754) - FSI \\ 18-1425: Wisconsin, Wisconsin Vital Records Office, Birth Records, 1964-1980 - (ACOM, NED IMAGES, ROC ONLY) - FSI;[US, Wisconsin—Birth Records, 1964–1980|https://www.familysearch.org/indexing/admin-new/#/projects/BBAAD840-13AA-4D2A-A481-583F595F2ECB/overview] \\ [US, Wisconsin—Birth Records, Charge-Out Forms, 1964–1980 \[Part B\]|https://www.familysearch.org/indexing/admin-new/#/projects/D2FF9F8F-D129-4383-A197-A48C5E4B06D3/overview];In Production \\ In Production;[US, Wisconsin—Birth Records, 1964–1980|https://www.familysearch.org/indexing/admin-new/#/projects/BBAAD840-13AA-4D2A-A481-583F595F2ECB/overview];[1529CFBB-298F-4CCD-9CAD-CFC4A02BCA9A|https://www.familysearch.org/indexing/admin-new/#/projects/BBAAD840-13AA-4D2A-A481-583F595F2ECB/manage/1529CFBB-298F-4CCD-9CAD-CFC4A02BCA9A/batches/list];READY_FOR_DELIVERY;
104910986;18-0127: Wisconsin, Wisconsin Vital Records Office, Birth Records, 1964-1980 - (Ancestry 47754) - FSI \\ 18-1425: Wisconsin, Wisconsin Vital Records Office, Birth Records, 1964-1980 - (ACOM, NED IMAGES, ROC ONLY) - FSI;[US, Wisconsin—Birth Records, 1964–1980|https://www.familysearch.org/indexing/admin-new/#/projects/BBAAD840-13AA-4D2A-A481-583F595F2ECB/overview] \\ [US, Wisconsin—Birth Records, Charge-Out Forms, 1964–1980 \[Part B\]|https://www.familysearch.org/indexing/admin-new/#/projects/D2FF9F8F-D129-4383-A197-A48C5E4B06D3/overview];In Production \\ In Production;[US, Wisconsin—Birth Records, 1964–1980|https://www.familysearch.org/indexing/admin-new/#/projects/BBAAD840-13AA-4D2A-A481-583F595F2ECB/overview];[ED0179D3-0648-45A5-81EA-8ADC6A105C4E|https://www.familysearch.org/indexing/admin-new/#/projects/BBAAD840-13AA-4D2A-A481-583F595F2ECB/manage/ED0179D3-0648-45A5-81EA-8ADC6A105C4E/batches/list];READY_FOR_DELIVERY;
104910987;18-0127: Wisconsin, Wisconsin Vital Records Office, Birth Records, 1964-1980 - (Ancestry 47754) - FSI \\ 18-1425: Wisconsin, Wisconsin Vital Records Office, Birth Records, 1964-1980 - (ACOM, NED IMAGES, ROC ONLY) - FSI;[US, Wisconsin—Birth Records, 1964–1980|https://www.familysearch.org/indexing/admin-new/#/projects/BBAAD840-13AA-4D2A-A481-583F595F2ECB/overview] \\ [US, Wisconsin—Birth Records, Charge-Out Forms, 1964–1980 \[Part B\]|https://www.familysearch.org/indexing/admin-new/#/projects/D2FF9F8F-D129-4383-A197-A48C5E4B06D3/overview];In Production \\ In Production;[US, Wisconsin—Birth Records, 1964–1980|https://www.familysearch.org/indexing/admin-new/#/projects/BBAAD840-13AA-4D2A-A481-583F595F2ECB/overview];[B0C42FFA-C8FB-4AA5-ACB9-76712B11F773|https://www.familysearch.org/indexing/admin-new/#/projects/BBAAD840-13AA-4D2A-A481-583F595F2ECB/manage/B0C42FFA-C8FB-4AA5-ACB9-76712B11F773/batches/list];READY_FOR_DELIVERY;
104910988;18-0127: Wisconsin, Wisconsin Vital Records Office, Birth Records, 1964-1980 - (Ancestry 47754) - FSI \\ 18-1425: Wisconsin, Wisconsin Vital Records Office, Birth Records, 1964-1980 - (ACOM, NED IMAGES, ROC ONLY) - FSI;[US, Wisconsin—Birth Records, 1964–1980|https://www.familysearch.org/indexing/admin-new/#/projects/BBAAD840-13AA-4D2A-A481-583F595F2ECB/overview] \\ [US, Wisconsin—Birth Records, Charge-Out Forms, 1964–1980 \[Part B\]|https://www.familysearch.org/indexing/admin-new/#/projects/D2FF9F8F-D129-4383-A197-A48C5E4B06D3/overview];In Production \\ In Production;[US, Wisconsin—Birth Records, 1964–1980|https://www.familysearch.org/indexing/admin-new/#/projects/BBAAD840-13AA-4D2A-A481-583F595F2ECB/overview];[E767B74B-C9A4-42E8-9B1D-13D3693A6607|https://www.familysearch.org/indexing/admin-new/#/projects/BBAAD840-13AA-4D2A-A481-583F595F2ECB/manage/E767B74B-C9A4-42E8-9B1D-13D3693A6607/batches/list];READY_FOR_DELIVERY;
104910989;18-0127: Wisconsin, Wisconsin Vital Records Office, Birth Records, 1964-1980 - (Ancestry 47754) - FSI \\ 18-1425: Wisconsin, Wisconsin Vital Records Office, Birth Records, 1964-1980 - (ACOM, NED IMAGES, ROC ONLY) - FSI;[US, Wisconsin—Birth Records, 1964–1980|https://www.familysearch.org/indexing/admin-new/#/projects/BBAAD840-13AA-4D2A-A481-583F595F2ECB/overview] \\ [US, Wisconsin—Birth Records, Charge-Out Forms, 1964–1980 \[Part B\]|https://www.familysearch.org/indexing/admin-new/#/projects/D2FF9F8F-D129-4383-A197-A48C5E4B06D3/overview];In Production \\ In Production;[US, Wisconsin—Birth Records, 1964–1980|https://www.familysearch.org/indexing/admin-new/#/projects/BBAAD840-13AA-4D2A-A481-583F595F2ECB/overview];[E7DA9FB7-49BF-47D0-AEE6-D680E46977DE|https://www.familysearch.org/indexing/admin-new/#/projects/BBAAD840-13AA-4D2A-A481-583F595F2ECB/manage/E7DA9FB7-49BF-47D0-AEE6-D680E46977DE/batches/list];READY_FOR_DELIVERY;
104910990;18-0127: Wisconsin, Wisconsin Vital Records Office, Birth Records, 1964-1980 - (Ancestry 47754) - FSI \\ 18-1425: Wisconsin, Wisconsin Vital Records Office, Birth Records, 1964-1980 - (ACOM, NED IMAGES, ROC ONLY) - FSI;[US, Wisconsin—Birth Records, 1964–1980|https://www.familysearch.org/indexing/admin-new/#/projects/BBAAD840-13AA-4D2A-A481-583F595F2ECB/overview] \\ [US, Wisconsin—Birth Records, Charge-Out Forms, 1964–1980 \[Part B\]|https://www.familysearch.org/indexing/admin-new/#/projects/D2FF9F8F-D129-4383-A197-A48C5E4B06D3/overview];In Production \\ In Production;[US, Wisconsin—Birth Records, 1964–1980|https://www.familysearch.org/indexing/admin-new/#/projects/BBAAD840-13AA-4D2A-A481-583F595F2ECB/overview];[9283A57A-C692-4C30-A396-E89C001C1725|https://www.familysearch.org/indexing/admin-new/#/projects/BBAAD840-13AA-4D2A-A481-583F595F2ECB/manage/9283A57A-C692-4C30-A396-E89C001C1725/batches/list];READY_FOR_DELIVERY;
104910991;18-0127: Wisconsin, Wisconsin Vital Records Office, Birth Records, 1964-1980 - (Ancestry 47754) - FSI \\ 18-1425: Wisconsin, Wisconsin Vital Records Office, Birth Records, 1964-1980 - (ACOM, NED IMAGES, ROC ONLY) - FSI;[US, Wisconsin—Birth Records, 1964–1980|https://www.familysearch.org/indexing/admin-new/#/projects/BBAAD840-13AA-4D2A-A481-583F595F2ECB/overview] \\ [US, Wisconsin—Birth Records, Charge-Out Forms, 1964–1980 \[Part B\]|https://www.familysearch.org/indexing/admin-new/#/projects/D2FF9F8F-D129-4383-A197-A48C5E4B06D3/overview];In Production \\ In Production;[US, Wisconsin—Birth Records, 1964–1980|https://www.familysearch.org/indexing/admin-new/#/projects/BBAAD840-13AA-4D2A-A481-583F595F2ECB/overview];[F1F5081C-4F6D-411B-92AB-BC72FC84B430|https://www.familysearch.org/indexing/admin-new/#/projects/BBAAD840-13AA-4D2A-A481-583F595F2ECB/manage/F1F5081C-4F6D-411B-92AB-BC72FC84B430/batches/list];READY_FOR_DELIVERY;
104910992;18-0127: Wisconsin, Wisconsin Vital Records Office, Birth Records, 1964-1980 - (Ancestry 47754) - FSI \\ 18-1425: Wisconsin, Wisconsin Vital Records Office, Birth Records, 1964-1980 - (ACOM, NED IMAGES, ROC ONLY) - FSI;[US, Wisconsin—Birth Records, 1964–1980|https://www.familysearch.org/indexing/admin-new/#/projects/BBAAD840-13AA-4D2A-A481-583F595F2ECB/overview] \\ [US, Wisconsin—Birth Records, Charge-Out Forms, 1964–1980 \[Part B\]|https://www.familysearch.org/indexing/admin-new/#/projects/D2FF9F8F-D129-4383-A197-A48C5E4B06D3/overview];In Production \\ In Production;[US, Wisconsin—Birth Records, 1964–1980|https://www.familysearch.org/indexing/admin-new/#/projects/BBAAD840-13AA-4D2A-A481-583F595F2ECB/overview];[FA8004EF-4D42-495F-AF7D-082C53612562|https://www.familysearch.org/indexing/admin-new/#/projects/BBAAD840-13AA-4D2A-A481-583F595F2ECB/manage/FA8004EF-4D42-495F-AF7D-082C53612562/batches/list];READY_FOR_DELIVERY;
104910993;18-0127: Wisconsin, Wisconsin Vital Records Office, Birth Records, 1964-1980 - (Ancestry 47754) - FSI \\ 18-1425: Wisconsin, Wisconsin Vital Records Office, Birth Records, 1964-1980 - (ACOM, NED IMAGES, ROC ONLY) - FSI;[US, Wisconsin—Birth Records, 1964–1980|https://www.familysearch.org/indexing/admin-new/#/projects/BBAAD840-13AA-4D2A-A481-583F595F2ECB/overview] \\ [US, Wisconsin—Birth Records, Charge-Out Forms, 1964–1980 \[Part B\]|https://www.familysearch.org/indexing/admin-new/#/projects/D2FF9F8F-D129-4383-A197-A48C5E4B06D3/overview];In Production \\ In Production;[US, Wisconsin—Birth Records, 1964–1980|https://www.familysearch.org/indexing/admin-new/#/projects/BBAAD840-13AA-4D2A-A481-583F595F2ECB/overview];[21E8D75C-A478-4E67-9756-BD024227C985|https://www.familysearch.org/indexing/admin-new/#/projects/BBAAD840-13AA-4D2A-A481-583F595F2ECB/manage/21E8D75C-A478-4E67-9756-BD024227C985/batches/list];READY_FOR_DELIVERY;
104910994;18-0127: Wisconsin, Wisconsin Vital Records Office, Birth Records, 1964-1980 - (Ancestry 47754) - FSI \\ 18-1425: Wisconsin, Wisconsin Vital Records Office, Birth Records, 1964-1980 - (ACOM, NED IMAGES, ROC ONLY) - FSI;[US, Wisconsin—Birth Records, 1964–1980|https://www.familysearch.org/indexing/admin-new/#/projects/BBAAD840-13AA-4D2A-A481-583F595F2ECB/overview] \\ [US, Wisconsin—Birth Records, Charge-Out Forms, 1964–1980 \[Part B\]|https://www.familysearch.org/indexing/admin-new/#/projects/D2FF9F8F-D129-4383-A197-A48C5E4B06D3/overview];In Production \\ In Production;[US, Wisconsin—Birth Records, 1964–1980|https://www.familysearch.org/indexing/admin-new/#/projects/BBAAD840-13AA-4D2A-A481-583F595F2ECB/overview];[BDFF36FC-FDD1-4183-AF12-F2223B35979A|https://www.familysearch.org/indexing/admin-new/#/projects/BBAAD840-13AA-4D2A-A481-583F595F2ECB/manage/BDFF36FC-FDD1-4183-AF12-F2223B35979A/batches/list];READY_FOR_DELIVERY;
104910995;18-0127: Wisconsin, Wisconsin Vital Records Office, Birth Records, 1964-1980 - (Ancestry 47754) - FSI \\ 18-1425: Wisconsin, Wisconsin Vital Records Office, Birth Records, 1964-1980 - (ACOM, NED IMAGES, ROC ONLY) - FSI;[US, Wisconsin—Birth Records, 1964–1980|https://www.familysearch.org/indexing/admin-new/#/projects/BBAAD840-13AA-4D2A-A481-583F595F2ECB/overview] \\ [US, Wisconsin—Birth Records, Charge-Out Forms, 1964–1980 \[Part B\]|https://www.familysearch.org/indexing/admin-new/#/projects/D2FF9F8F-D129-4383-A197-A48C5E4B06D3/overview];In Production \\ In Production;[US, Wisconsin—Birth Records, 1964–1980|https://www.familysearch.org/indexing/admin-new/#/projects/BBAAD840-13AA-4D2A-A481-583F595F2ECB/overview];[18E9C56B-D2E0-44BC-A338-2641EEE6D3E2|https://www.familysearch.org/indexing/admin-new/#/projects/BBAAD840-13AA-4D2A-A481-583F595F2ECB/manage/18E9C56B-D2E0-44BC-A338-2641EEE6D3E2/batches/list];READY_FOR_DELIVERY;
104910996;18-0127: Wisconsin, Wisconsin Vital Records Office, Birth Records, 1964-1980 - (Ancestry 47754) - FSI \\ 18-1425: Wisconsin, Wisconsin Vital Records Office, Birth Records, 1964-1980 - (ACOM, NED IMAGES, ROC ONLY) - FSI;[US, Wisconsin—Birth Records, 1964–1980|https://www.familysearch.org/indexing/admin-new/#/projects/BBAAD840-13AA-4D2A-A481-583F595F2ECB/overview] \\ [US, Wisconsin—Birth Records, Charge-Out Forms, 1964–1980 \[Part B\]|https://www.familysearch.org/indexing/admin-new/#/projects/D2FF9F8F-D129-4383-A197-A48C5E4B06D3/overview];In Production \\ In Production;[US, Wisconsin—Birth Records, 1964–1980|https://www.familysearch.org/indexing/admin-new/#/projects/BBAAD840-13AA-4D2A-A481-583F595F2ECB/overview];[AD56D51B-F938-4763-B9F8-6CB967DB83FC|https://www.familysearch.org/indexing/admin-new/#/projects/BBAAD840-13AA-4D2A-A481-583F595F2ECB/manage/AD56D51B-F938-4763-B9F8-6CB967DB83FC/batches/list];READY_FOR_DELIVERY;
104910997;18-0127: Wisconsin, Wisconsin Vital Records Office, Birth Records, 1964-1980 - (Ancestry 47754) - FSI \\ 18-1425: Wisconsin, Wisconsin Vital Records Office, Birth Records, 1964-1980 - (ACOM, NED IMAGES, ROC ONLY) - FSI;[US, Wisconsin—Birth Records, 1964–1980|https://www.familysearch.org/indexing/admin-new/#/projects/BBAAD840-13AA-4D2A-A481-583F595F2ECB/overview] \\ [US, Wisconsin—Birth Records, Charge-Out Forms, 1964–1980 \[Part B\]|https://www.familysearch.org/indexing/admin-new/#/projects/D2FF9F8F-D129-4383-A197-A48C5E4B06D3/overview];In Production \\ In Production;[US, Wisconsin—Birth Records, 1964–1980|https://www.familysearch.org/indexing/admin-new/#/projects/BBAAD840-13AA-4D2A-A481-583F595F2ECB/overview];[A49C7836-C99B-4B2B-8DD2-2CA99F195A2A|https://www.familysearch.org/indexing/admin-new/#/projects/BBAAD840-13AA-4D2A-A481-583F595F2ECB/manage/A49C7836-C99B-4B2B-8DD2-2CA99F195A2A/batches/list];READY_FOR_DELIVERY;
104910998;18-0127: Wisconsin, Wisconsin Vital Records Office, Birth Records, 1964-1980 - (Ancestry 47754) - FSI \\ 18-1425: Wisconsin, Wisconsin Vital Records Office, Birth Records, 1964-1980 - (ACOM, NED IMAGES, ROC ONLY) - FSI;[US, Wisconsin—Birth Records, 1964–1980|https://www.familysearch.org/indexing/admin-new/#/projects/BBAAD840-13AA-4D2A-A481-583F595F2ECB/overview] \\ [US, Wisconsin—Birth Records, Charge-Out Forms, 1964–1980 \[Part B\]|https://www.familysearch.org/indexing/admin-new/#/projects/D2FF9F8F-D129-4383-A197-A48C5E4B06D3/overview];In Production \\ In Production;[US, Wisconsin—Birth Records, 1964–1980|https://www.familysearch.org/indexing/admin-new/#/projects/BBAAD840-13AA-4D2A-A481-583F595F2ECB/overview];[18853C5A-12F2-4518-85B6-0FFBD903A992|https://www.familysearch.org/indexing/admin-new/#/projects/BBAAD840-13AA-4D2A-A481-583F595F2ECB/manage/18853C5A-12F2-4518-85B6-0FFBD903A992/batches/list];READY_FOR_DELIVERY;
104910999;18-0127: Wisconsin, Wisconsin Vital Records Office, Birth Records, 1964-1980 - (Ancestry 47754) - FSI \\ 18-1425: Wisconsin, Wisconsin Vital Records Office, Birth Records, 1964-1980 - (ACOM, NED IMAGES, ROC ONLY) - FSI;[US, Wisconsin—Birth Records, 1964–1980|https://www.familysearch.org/indexing/admin-new/#/projects/BBAAD840-13AA-4D2A-A481-583F595F2ECB/overview] \\ [US, Wisconsin—Birth Records, Charge-Out Forms, 1964–1980 \[Part B\]|https://www.familysearch.org/indexing/admin-new/#/projects/D2FF9F8F-D129-4383-A197-A48C5E4B06D3/overview];In Production \\ In Production;[US, Wisconsin—Birth Records, 1964–1980|https://www.familysearch.org/indexing/admin-new/#/projects/BBAAD840-13AA-4D2A-A481-583F595F2ECB/overview];[3C6EE8E7-73F1-4FB3-BA79-08B6AE9F20DC|https://www.familysearch.org/indexing/admin-new/#/projects/BBAAD840-13AA-4D2A-A481-583F595F2ECB/manage/3C6EE8E7-73F1-4FB3-BA79-08B6AE9F20DC/batches/list];READY_FOR_DELIVERY;
104911000;18-0127: Wisconsin, Wisconsin Vital Records Office, Birth Records, 1964-1980 - (Ancestry 47754) - FSI \\ 18-1425: Wisconsin, Wisconsin Vital Records Office, Birth Records, 1964-1980 - (ACOM, NED IMAGES, ROC ONLY) - FSI;[US, Wisconsin—Birth Records, 1964–1980|https://www.familysearch.org/indexing/admin-new/#/projects/BBAAD840-13AA-4D2A-A481-583F595F2ECB/overview] \\ [US, Wisconsin—Birth Records, Charge-Out Forms, 1964–1980 \[Part B\]|https://www.familysearch.org/indexing/admin-new/#/projects/D2FF9F8F-D129-4383-A197-A48C5E4B06D3/overview];In Production \\ In Production;[US, Wisconsin—Birth Records, 1964–1980|https://www.familysearch.org/indexing/admin-new/#/projects/BBAAD840-13AA-4D2A-A481-583F595F2ECB/overview];[DCFB3E0F-22C4-4BD3-9967-084B9EEA0374|https://www.familysearch.org/indexing/admin-new/#/projects/BBAAD840-13AA-4D2A-A481-583F595F2ECB/manage/DCFB3E0F-22C4-4BD3-9967-084B9EEA0374/batches/list];READY_FOR_DELIVERY;
104911001;18-0127: Wisconsin, Wisconsin Vital Records Office, Birth Records, 1964-1980 - (Ancestry 47754) - FSI \\ 18-1425: Wisconsin, Wisconsin Vital Records Office, Birth Records, 1964-1980 - (ACOM, NED IMAGES, ROC ONLY) - FSI;[US, Wisconsin—Birth Records, 1964–1980|https://www.familysearch.org/indexing/admin-new/#/projects/BBAAD840-13AA-4D2A-A481-583F595F2ECB/overview] \\ [US, Wisconsin—Birth Records, Charge-Out Forms, 1964–1980 \[Part B\]|https://www.familysearch.org/indexing/admin-new/#/projects/D2FF9F8F-D129-4383-A197-A48C5E4B06D3/overview];In Production \\ In Production;[US, Wisconsin—Birth Records, 1964–1980|https://www.familysearch.org/indexing/admin-new/#/projects/BBAAD840-13AA-4D2A-A481-583F595F2ECB/overview];[97582013-5BCB-4410-A1E6-6D792C90D807|https://www.familysearch.org/indexing/admin-new/#/projects/BBAAD840-13AA-4D2A-A481-583F595F2ECB/manage/97582013-5BCB-4410-A1E6-6D792C90D807/batches/list];READY_FOR_DELIVERY;
104911002;18-0127: Wisconsin, Wisconsin Vital Records Office, Birth Records, 1964-1980 - (Ancestry 47754) - FSI \\ 18-1425: Wisconsin, Wisconsin Vital Records Office, Birth Records, 1964-1980 - (ACOM, NED IMAGES, ROC ONLY) - FSI;[US, Wisconsin—Birth Records, 1964–1980|https://www.familysearch.org/indexing/admin-new/#/projects/BBAAD840-13AA-4D2A-A481-583F595F2ECB/overview] \\ [US, Wisconsin—Birth Records, Charge-Out Forms, 1964–1980 \[Part B\]|https://www.familysearch.org/indexing/admin-new/#/projects/D2FF9F8F-D129-4383-A197-A48C5E4B06D3/overview];In Production \\ In Production;[US, Wisconsin—Birth Records, 1964–1980|https://www.familysearch.org/indexing/admin-new/#/projects/BBAAD840-13AA-4D2A-A481-583F595F2ECB/overview];[61672C1F-5D01-4E66-9F1E-5AC5893B24FB|https://www.familysearch.org/indexing/admin-new/#/projects/BBAAD840-13AA-4D2A-A481-583F595F2ECB/manage/61672C1F-5D01-4E66-9F1E-5AC5893B24FB/batches/list];READY_FOR_DELIVERY;
104911003;18-0127: Wisconsin, Wisconsin Vital Records Office, Birth Records, 1964-1980 - (Ancestry 47754) - FSI \\ 18-1425: Wisconsin, Wisconsin Vital Records Office, Birth Records, 1964-1980 - (ACOM, NED IMAGES, ROC ONLY) - FSI;[US, Wisconsin—Birth Records, 1964–1980|https://www.familysearch.org/indexing/admin-new/#/projects/BBAAD840-13AA-4D2A-A481-583F595F2ECB/overview] \\ [US, Wisconsin—Birth Records, Charge-Out Forms, 1964–1980 \[Part B\]|https://www.familysearch.org/indexing/admin-new/#/projects/D2FF9F8F-D129-4383-A197-A48C5E4B06D3/overview];In Production \\ In Production;[US, Wisconsin—Birth Records, 1964–1980|https://www.familysearch.org/indexing/admin-new/#/projects/BBAAD840-13AA-4D2A-A481-583F595F2ECB/overview];[EC259299-ECE7-423E-8A05-200DF4F478C6|https://www.familysearch.org/indexing/admin-new/#/projects/BBAAD840-13AA-4D2A-A481-583F595F2ECB/manage/EC259299-ECE7-423E-8A05-200DF4F478C6/batches/list];READY_FOR_DELIVERY;
104911004;18-0127: Wisconsin, Wisconsin Vital Records Office, Birth Records, 1964-1980 - (Ancestry 47754) - FSI \\ 18-1425: Wisconsin, Wisconsin Vital Records Office, Birth Records, 1964-1980 - (ACOM, NED IMAGES, ROC ONLY) - FSI;[US, Wisconsin—Birth Records, 1964–1980|https://www.familysearch.org/indexing/admin-new/#/projects/BBAAD840-13AA-4D2A-A481-583F595F2ECB/overview] \\ [US, Wisconsin—Birth Records, Charge-Out Forms, 1964–1980 \[Part B\]|https://www.familysearch.org/indexing/admin-new/#/projects/D2FF9F8F-D129-4383-A197-A48C5E4B06D3/overview];In Production \\ In Production;[US, Wisconsin—Birth Records, 1964–1980|https://www.familysearch.org/indexing/admin-new/#/projects/BBAAD840-13AA-4D2A-A481-583F595F2ECB/overview];[2A9204DF-49A8-4767-B0D3-48F42ED8F6EA|https://www.familysearch.org/indexing/admin-new/#/projects/BBAAD840-13AA-4D2A-A481-583F595F2ECB/manage/2A9204DF-49A8-4767-B0D3-48F42ED8F6EA/batches/list];READY_FOR_DELIVERY;
104911005;18-0127: Wisconsin, Wisconsin Vital Records Office, Birth Records, 1964-1980 - (Ancestry 47754) - FSI \\ 18-1425: Wisconsin, Wisconsin Vital Records Office, Birth Records, 1964-1980 - (ACOM, NED IMAGES, ROC ONLY) - FSI;[US, Wisconsin—Birth Records, 1964–1980|https://www.familysearch.org/indexing/admin-new/#/projects/BBAAD840-13AA-4D2A-A481-583F595F2ECB/overview] \\ [US, Wisconsin—Birth Records, Charge-Out Forms, 1964–1980 \[Part B\]|https://www.familysearch.org/indexing/admin-new/#/projects/D2FF9F8F-D129-4383-A197-A48C5E4B06D3/overview];In Production \\ In Production;[US, Wisconsin—Birth Records, 1964–1980|https://www.familysearch.org/indexing/admin-new/#/projects/BBAAD840-13AA-4D2A-A481-583F595F2ECB/overview];[4FC59AB6-D68B-491D-B156-32E1386E7891|https://www.familysearch.org/indexing/admin-new/#/projects/BBAAD840-13AA-4D2A-A481-583F595F2ECB/manage/4FC59AB6-D68B-491D-B156-32E1386E7891/batches/list];READY_FOR_DELIVERY;
104911006;18-0127: Wisconsin, Wisconsin Vital Records Office, Birth Records, 1964-1980 - (Ancestry 47754) - FSI \\ 18-1425: Wisconsin, Wisconsin Vital Records Office, Birth Records, 1964-1980 - (ACOM, NED IMAGES, ROC ONLY) - FSI;[US, Wisconsin—Birth Records, 1964–1980|https://www.familysearch.org/indexing/admin-new/#/projects/BBAAD840-13AA-4D2A-A481-583F595F2ECB/overview] \\ [US, Wisconsin—Birth Records, Charge-Out Forms, 1964–1980 \[Part B\]|https://www.familysearch.org/indexing/admin-new/#/projects/D2FF9F8F-D129-4383-A197-A48C5E4B06D3/overview];In Production \\ In Production;[US, Wisconsin—Birth Records, 1964–1980|https://www.familysearch.org/indexing/admin-new/#/projects/BBAAD840-13AA-4D2A-A481-583F595F2ECB/overview];[166AB8E0-6C89-4642-9164-3ADFC4E15114|https://www.familysearch.org/indexing/admin-new/#/projects/BBAAD840-13AA-4D2A-A481-583F595F2ECB/manage/166AB8E0-6C89-4642-9164-3ADFC4E15114/batches/list];READY_FOR_DELIVERY;
104911007;18-0127: Wisconsin, Wisconsin Vital Records Office, Birth Records, 1964-1980 - (Ancestry 47754) - FSI \\ 18-1425: Wisconsin, Wisconsin Vital Records Office, Birth Records, 1964-1980 - (ACOM, NED IMAGES, ROC ONLY) - FSI;[US, Wisconsin—Birth Records, 1964–1980|https://www.familysearch.org/indexing/admin-new/#/projects/BBAAD840-13AA-4D2A-A481-583F595F2ECB/overview] \\ [US, Wisconsin—Birth Records, Charge-Out Forms, 1964–1980 \[Part B\]|https://www.familysearch.org/indexing/admin-new/#/projects/D2FF9F8F-D129-4383-A197-A48C5E4B06D3/overview];In Production \\ In Production;[US, Wisconsin—Birth Records, 1964–1980|https://www.familysearch.org/indexing/admin-new/#/projects/BBAAD840-13AA-4D2A-A481-583F595F2ECB/overview];[1E155017-3810-43D2-8F59-4EC3B4D61796|https://www.familysearch.org/indexing/admin-new/#/projects/BBAAD840-13AA-4D2A-A481-583F595F2ECB/manage/1E155017-3810-43D2-8F59-4EC3B4D61796/batches/list];READY_FOR_DELIVERY;
104911008;18-0127: Wisconsin, Wisconsin Vital Records Office, Birth Records, 1964-1980 - (Ancestry 47754) - FSI \\ 18-1425: Wisconsin, Wisconsin Vital Records Office, Birth Records, 1964-1980 - (ACOM, NED IMAGES, ROC ONLY) - FSI;[US, Wisconsin—Birth Records, 1964–1980|https://www.familysearch.org/indexing/admin-new/#/projects/BBAAD840-13AA-4D2A-A481-583F595F2ECB/overview] \\ [US, Wisconsin—Birth Records, Charge-Out Forms, 1964–1980 \[Part B\]|https://www.familysearch.org/indexing/admin-new/#/projects/D2FF9F8F-D129-4383-A197-A48C5E4B06D3/overview];In Production \\ In Production;[US, Wisconsin—Birth Records, 1964–1980|https://www.familysearch.org/indexing/admin-new/#/projects/BBAAD840-13AA-4D2A-A481-583F595F2ECB/overview];[FB528648-CEEB-4B12-9CD4-DBDFEC523D92|https://www.familysearch.org/indexing/admin-new/#/projects/BBAAD840-13AA-4D2A-A481-583F595F2ECB/manage/FB528648-CEEB-4B12-9CD4-DBDFEC523D92/batches/list];READY_FOR_DELIVERY;
104911009;18-0127: Wisconsin, Wisconsin Vital Records Office, Birth Records, 1964-1980 - (Ancestry 47754) - FSI \\ 18-1425: Wisconsin, Wisconsin Vital Records Office, Birth Records, 1964-1980 - (ACOM, NED IMAGES, ROC ONLY) - FSI;[US, Wisconsin—Birth Records, 1964–1980|https://www.familysearch.org/indexing/admin-new/#/projects/BBAAD840-13AA-4D2A-A481-583F595F2ECB/overview] \\ [US, Wisconsin—Birth Records, Charge-Out Forms, 1964–1980 \[Part B\]|https://www.familysearch.org/indexing/admin-new/#/projects/D2FF9F8F-D129-4383-A197-A48C5E4B06D3/overview];In Production \\ In Production;[US, Wisconsin—Birth Records, 1964–1980|https://www.familysearch.org/indexing/admin-new/#/projects/BBAAD840-13AA-4D2A-A481-583F595F2ECB/overview];[D24AB555-7F00-4D36-B482-3B6D5C0C360F|https://www.familysearch.org/indexing/admin-new/#/projects/BBAAD840-13AA-4D2A-A481-583F595F2ECB/manage/D24AB555-7F00-4D36-B482-3B6D5C0C360F/batches/list];READY_FOR_DELIVERY;
104911010;18-0127: Wisconsin, Wisconsin Vital Records Office, Birth Records, 1964-1980 - (Ancestry 47754) - FSI \\ 18-1425: Wisconsin, Wisconsin Vital Records Office, Birth Records, 1964-1980 - (ACOM, NED IMAGES, ROC ONLY) - FSI;[US, Wisconsin—Birth Records, 1964–1980|https://www.familysearch.org/indexing/admin-new/#/projects/BBAAD840-13AA-4D2A-A481-583F595F2ECB/overview] \\ [US, Wisconsin—Birth Records, Charge-Out Forms, 1964–1980 \[Part B\]|https://www.familysearch.org/indexing/admin-new/#/projects/D2FF9F8F-D129-4383-A197-A48C5E4B06D3/overview];In Production \\ In Production;[US, Wisconsin—Birth Records, 1964–1980|https://www.familysearch.org/indexing/admin-new/#/projects/BBAAD840-13AA-4D2A-A481-583F595F2ECB/overview];[6985BECB-C125-4686-8A70-643AD2F3BB32|https://www.familysearch.org/indexing/admin-new/#/projects/BBAAD840-13AA-4D2A-A481-583F595F2ECB/manage/6985BECB-C125-4686-8A70-643AD2F3BB32/batches/list];READY_FOR_DELIVERY;
104911011;18-0127: Wisconsin, Wisconsin Vital Records Office, Birth Records, 1964-1980 - (Ancestry 47754) - FSI \\ 18-1425: Wisconsin, Wisconsin Vital Records Office, Birth Records, 1964-1980 - (ACOM, NED IMAGES, ROC ONLY) - FSI;[US, Wisconsin—Birth Records, 1964–1980|https://www.familysearch.org/indexing/admin-new/#/projects/BBAAD840-13AA-4D2A-A481-583F595F2ECB/overview] \\ [US, Wisconsin—Birth Records, Charge-Out Forms, 1964–1980 \[Part B\]|https://www.familysearch.org/indexing/admin-new/#/projects/D2FF9F8F-D129-4383-A197-A48C5E4B06D3/overview];In Production \\ In Production;[US, Wisconsin—Birth Records, 1964–1980|https://www.familysearch.org/indexing/admin-new/#/projects/BBAAD840-13AA-4D2A-A481-583F595F2ECB/overview];[39D2D6E3-DBD7-4197-AC0F-CF32D7CC45C4|https://www.familysearch.org/indexing/admin-new/#/projects/BBAAD840-13AA-4D2A-A481-583F595F2ECB/manage/39D2D6E3-DBD7-4197-AC0F-CF32D7CC45C4/batches/list];READY_FOR_DELIVERY;
104911012;18-0127: Wisconsin, Wisconsin Vital Records Office, Birth Records, 1964-1980 - (Ancestry 47754) - FSI \\ 18-1425: Wisconsin, Wisconsin Vital Records Office, Birth Records, 1964-1980 - (ACOM, NED IMAGES, ROC ONLY) - FSI;[US, Wisconsin—Birth Records, 1964–1980|https://www.familysearch.org/indexing/admin-new/#/projects/BBAAD840-13AA-4D2A-A481-583F595F2ECB/overview] \\ [US, Wisconsin—Birth Records, Charge-Out Forms, 1964–1980 \[Part B\]|https://www.familysearch.org/indexing/admin-new/#/projects/D2FF9F8F-D129-4383-A197-A48C5E4B06D3/overview];In Production \\ In Production;[US, Wisconsin—Birth Records, 1964–1980|https://www.familysearch.org/indexing/admin-new/#/projects/BBAAD840-13AA-4D2A-A481-583F595F2ECB/overview];[4CE61F38-66F1-4DB4-972E-9566591D3430|https://www.familysearch.org/indexing/admin-new/#/projects/BBAAD840-13AA-4D2A-A481-583F595F2ECB/manage/4CE61F38-66F1-4DB4-972E-9566591D3430/batches/list];READY_FOR_DELIVERY;
104911013;18-0127: Wisconsin, Wisconsin Vital Records Office, Birth Records, 1964-1980 - (Ancestry 47754) - FSI \\ 18-1425: Wisconsin, Wisconsin Vital Records Office, Birth Records, 1964-1980 - (ACOM, NED IMAGES, ROC ONLY) - FSI;[US, Wisconsin—Birth Records, 1964–1980|https://www.familysearch.org/indexing/admin-new/#/projects/BBAAD840-13AA-4D2A-A481-583F595F2ECB/overview] \\ [US, Wisconsin—Birth Records, Charge-Out Forms, 1964–1980 \[Part B\]|https://www.familysearch.org/indexing/admin-new/#/projects/D2FF9F8F-D129-4383-A197-A48C5E4B06D3/overview];In Production \\ In Production;[US, Wisconsin—Birth Records, 1964–1980|https://www.familysearch.org/indexing/admin-new/#/projects/BBAAD840-13AA-4D2A-A481-583F595F2ECB/overview];[1C52A87E-A538-40F5-AC8B-2C6B8267AE89|https://www.familysearch.org/indexing/admin-new/#/projects/BBAAD840-13AA-4D2A-A481-583F595F2ECB/manage/1C52A87E-A538-40F5-AC8B-2C6B8267AE89/batches/list];READY_FOR_DELIVERY;
104911014;18-0127: Wisconsin, Wisconsin Vital Records Office, Birth Records, 1964-1980 - (Ancestry 47754) - FSI \\ 18-1425: Wisconsin, Wisconsin Vital Records Office, Birth Records, 1964-1980 - (ACOM, NED IMAGES, ROC ONLY) - FSI;[US, Wisconsin—Birth Records, 1964–1980|https://www.familysearch.org/indexing/admin-new/#/projects/BBAAD840-13AA-4D2A-A481-583F595F2ECB/overview] \\ [US, Wisconsin—Birth Records, Charge-Out Forms, 1964–1980 \[Part B\]|https://www.familysearch.org/indexing/admin-new/#/projects/D2FF9F8F-D129-4383-A197-A48C5E4B06D3/overview];In Production \\ In Production;[US, Wisconsin—Birth Records, 1964–1980|https://www.familysearch.org/indexing/admin-new/#/projects/BBAAD840-13AA-4D2A-A481-583F595F2ECB/overview];[3F815D2A-781B-4191-B782-45473208FE24|https://www.familysearch.org/indexing/admin-new/#/projects/BBAAD840-13AA-4D2A-A481-583F595F2ECB/manage/3F815D2A-781B-4191-B782-45473208FE24/batches/list];READY_FOR_DELIVERY;
104911015;18-0127: Wisconsin, Wisconsin Vital Records Office, Birth Records, 1964-1980 - (Ancestry 47754) - FSI \\ 18-1425: Wisconsin, Wisconsin Vital Records Office, Birth Records, 1964-1980 - (ACOM, NED IMAGES, ROC ONLY) - FSI;[US, Wisconsin—Birth Records, 1964–1980|https://www.familysearch.org/indexing/admin-new/#/projects/BBAAD840-13AA-4D2A-A481-583F595F2ECB/overview] \\ [US, Wisconsin—Birth Records, Charge-Out Forms, 1964–1980 \[Part B\]|https://www.familysearch.org/indexing/admin-new/#/projects/D2FF9F8F-D129-4383-A197-A48C5E4B06D3/overview];In Production \\ In Production;[US, Wisconsin—Birth Records, 1964–1980|https://www.familysearch.org/indexing/admin-new/#/projects/BBAAD840-13AA-4D2A-A481-583F595F2ECB/overview];[8ED6C3A6-9129-4CF9-B6CA-24537178A544|https://www.familysearch.org/indexing/admin-new/#/projects/BBAAD840-13AA-4D2A-A481-583F595F2ECB/manage/8ED6C3A6-9129-4CF9-B6CA-24537178A544/batches/list];READY_FOR_DELIVERY;
104911016;18-0127: Wisconsin, Wisconsin Vital Records Office, Birth Records, 1964-1980 - (Ancestry 47754) - FSI \\ 18-1425: Wisconsin, Wisconsin Vital Records Office, Birth Records, 1964-1980 - (ACOM, NED IMAGES, ROC ONLY) - FSI;[US, Wisconsin—Birth Records, 1964–1980|https://www.familysearch.org/indexing/admin-new/#/projects/BBAAD840-13AA-4D2A-A481-583F595F2ECB/overview] \\ [US, Wisconsin—Birth Records, Charge-Out Forms, 1964–1980 \[Part B\]|https://www.familysearch.org/indexing/admin-new/#/projects/D2FF9F8F-D129-4383-A197-A48C5E4B06D3/overview];In Production \\ In Production;[US, Wisconsin—Birth Records, 1964–1980|https://www.familysearch.org/indexing/admin-new/#/projects/BBAAD840-13AA-4D2A-A481-583F595F2ECB/overview];[E8DE3025-23EE-4507-9DE6-AF9B48BF604D|https://www.familysearch.org/indexing/admin-new/#/projects/BBAAD840-13AA-4D2A-A481-583F595F2ECB/manage/E8DE3025-23EE-4507-9DE6-AF9B48BF604D/batches/list];READY_FOR_DELIVERY;
104911017;18-0127: Wisconsin, Wisconsin Vital Records Office, Birth Records, 1964-1980 - (Ancestry 47754) - FSI \\ 18-1425: Wisconsin, Wisconsin Vital Records Office, Birth Records, 1964-1980 - (ACOM, NED IMAGES, ROC ONLY) - FSI;[US, Wisconsin—Birth Records, 1964–1980|https://www.familysearch.org/indexing/admin-new/#/projects/BBAAD840-13AA-4D2A-A481-583F595F2ECB/overview] \\ [US, Wisconsin—Birth Records, Charge-Out Forms, 1964–1980 \[Part B\]|https://www.familysearch.org/indexing/admin-new/#/projects/D2FF9F8F-D129-4383-A197-A48C5E4B06D3/overview];In Production \\ In Production;[US, Wisconsin—Birth Records, 1964–1980|https://www.familysearch.org/indexing/admin-new/#/projects/BBAAD840-13AA-4D2A-A481-583F595F2ECB/overview];[239201E3-BF1C-4C18-A3F1-3D9F0559D148|https://www.familysearch.org/indexing/admin-new/#/projects/BBAAD840-13AA-4D2A-A481-583F595F2ECB/manage/239201E3-BF1C-4C18-A3F1-3D9F0559D148/batches/list];READY_FOR_DELIVERY;
104911018;18-0127: Wisconsin, Wisconsin Vital Records Office, Birth Records, 1964-1980 - (Ancestry 47754) - FSI \\ 18-1425: Wisconsin, Wisconsin Vital Records Office, Birth Records, 1964-1980 - (ACOM, NED IMAGES, ROC ONLY) - FSI;[US, Wisconsin—Birth Records, 1964–1980|https://www.familysearch.org/indexing/admin-new/#/projects/BBAAD840-13AA-4D2A-A481-583F595F2ECB/overview] \\ [US, Wisconsin—Birth Records, Charge-Out Forms, 1964–1980 \[Part B\]|https://www.familysearch.org/indexing/admin-new/#/projects/D2FF9F8F-D129-4383-A197-A48C5E4B06D3/overview];In Production \\ In Production;[US, Wisconsin—Birth Records, 1964–1980|https://www.familysearch.org/indexing/admin-new/#/projects/BBAAD840-13AA-4D2A-A481-583F595F2ECB/overview];[2241AA78-5D8F-4BAD-A616-CD51800FBAEA|https://www.familysearch.org/indexing/admin-new/#/projects/BBAAD840-13AA-4D2A-A481-583F595F2ECB/manage/2241AA78-5D8F-4BAD-A616-CD51800FBAEA/batches/list];READY_FOR_DELIVERY;
104911019;18-0127: Wisconsin, Wisconsin Vital Records Office, Birth Records, 1964-1980 - (Ancestry 47754) - FSI \\ 18-1425: Wisconsin, Wisconsin Vital Records Office, Birth Records, 1964-1980 - (ACOM, NED IMAGES, ROC ONLY) - FSI;[US, Wisconsin—Birth Records, 1964–1980|https://www.familysearch.org/indexing/admin-new/#/projects/BBAAD840-13AA-4D2A-A481-583F595F2ECB/overview] \\ [US, Wisconsin—Birth Records, Charge-Out Forms, 1964–1980 \[Part B\]|https://www.familysearch.org/indexing/admin-new/#/projects/D2FF9F8F-D129-4383-A197-A48C5E4B06D3/overview];In Production \\ In Production;[US, Wisconsin—Birth Records, 1964–1980|https://www.familysearch.org/indexing/admin-new/#/projects/BBAAD840-13AA-4D2A-A481-583F595F2ECB/overview];[83FEB68F-9979-4511-AA6F-A508B80CB947|https://www.familysearch.org/indexing/admin-new/#/projects/BBAAD840-13AA-4D2A-A481-583F595F2ECB/manage/83FEB68F-9979-4511-AA6F-A508B80CB947/batches/list];READY_FOR_DELIVERY;
104911020;18-0127: Wisconsin, Wisconsin Vital Records Office, Birth Records, 1964-1980 - (Ancestry 47754) - FSI \\ 18-1425: Wisconsin, Wisconsin Vital Records Office, Birth Records, 1964-1980 - (ACOM, NED IMAGES, ROC ONLY) - FSI;[US, Wisconsin—Birth Records, 1964–1980|https://www.familysearch.org/indexing/admin-new/#/projects/BBAAD840-13AA-4D2A-A481-583F595F2ECB/overview] \\ [US, Wisconsin—Birth Records, Charge-Out Forms, 1964–1980 \[Part B\]|https://www.familysearch.org/indexing/admin-new/#/projects/D2FF9F8F-D129-4383-A197-A48C5E4B06D3/overview];In Production \\ In Production;[US, Wisconsin—Birth Records, 1964–1980|https://www.familysearch.org/indexing/admin-new/#/projects/BBAAD840-13AA-4D2A-A481-583F595F2ECB/overview];[A3AD7485-3227-4FC9-8B07-FFF02A6DF055|https://www.familysearch.org/indexing/admin-new/#/projects/BBAAD840-13AA-4D2A-A481-583F595F2ECB/manage/A3AD7485-3227-4FC9-8B07-FFF02A6DF055/batches/list];READY_FOR_DELIVERY;
104911021;18-0127: Wisconsin, Wisconsin Vital Records Office, Birth Records, 1964-1980 - (Ancestry 47754) - FSI \\ 18-1425: Wisconsin, Wisconsin Vital Records Office, Birth Records, 1964-1980 - (ACOM, NED IMAGES, ROC ONLY) - FSI;[US, Wisconsin—Birth Records, 1964–1980|https://www.familysearch.org/indexing/admin-new/#/projects/BBAAD840-13AA-4D2A-A481-583F595F2ECB/overview] \\ [US, Wisconsin—Birth Records, Charge-Out Forms, 1964–1980 \[Part B\]|https://www.familysearch.org/indexing/admin-new/#/projects/D2FF9F8F-D129-4383-A197-A48C5E4B06D3/overview];In Production \\ In Production;[US, Wisconsin—Birth Records, 1964–1980|https://www.familysearch.org/indexing/admin-new/#/projects/BBAAD840-13AA-4D2A-A481-583F595F2ECB/overview];[3E827A4A-177A-40CF-A11F-4989CE86FF85|https://www.familysearch.org/indexing/admin-new/#/projects/BBAAD840-13AA-4D2A-A481-583F595F2ECB/manage/3E827A4A-177A-40CF-A11F-4989CE86FF85/batches/list];READY_FOR_DELIVERY;
104911022;18-0127: Wisconsin, Wisconsin Vital Records Office, Birth Records, 1964-1980 - (Ancestry 47754) - FSI \\ 18-1425: Wisconsin, Wisconsin Vital Records Office, Birth Records, 1964-1980 - (ACOM, NED IMAGES, ROC ONLY) - FSI;[US, Wisconsin—Birth Records, 1964–1980|https://www.familysearch.org/indexing/admin-new/#/projects/BBAAD840-13AA-4D2A-A481-583F595F2ECB/overview] \\ [US, Wisconsin—Birth Records, Charge-Out Forms, 1964–1980 \[Part B\]|https://www.familysearch.org/indexing/admin-new/#/projects/D2FF9F8F-D129-4383-A197-A48C5E4B06D3/overview];In Production \\ In Production;[US, Wisconsin—Birth Records, 1964–1980|https://www.familysearch.org/indexing/admin-new/#/projects/BBAAD840-13AA-4D2A-A481-583F595F2ECB/overview];[E89D562A-E864-418C-92A6-9501414B623D|https://www.familysearch.org/indexing/admin-new/#/projects/BBAAD840-13AA-4D2A-A481-583F595F2ECB/manage/E89D562A-E864-418C-92A6-9501414B623D/batches/list];READY_FOR_DELIVERY;
104911023;18-0127: Wisconsin, Wisconsin Vital Records Office, Birth Records, 1964-1980 - (Ancestry 47754) - FSI \\ 18-1425: Wisconsin, Wisconsin Vital Records Office, Birth Records, 1964-1980 - (ACOM, NED IMAGES, ROC ONLY) - FSI;[US, Wisconsin—Birth Records, 1964–1980|https://www.familysearch.org/indexing/admin-new/#/projects/BBAAD840-13AA-4D2A-A481-583F595F2ECB/overview] \\ [US, Wisconsin—Birth Records, Charge-Out Forms, 1964–1980 \[Part B\]|https://www.familysearch.org/indexing/admin-new/#/projects/D2FF9F8F-D129-4383-A197-A48C5E4B06D3/overview];In Production \\ In Production;[US, Wisconsin—Birth Records, 1964–1980|https://www.familysearch.org/indexing/admin-new/#/projects/BBAAD840-13AA-4D2A-A481-583F595F2ECB/overview];[40A71841-DD8F-44CD-8BF3-6DD9DB10F0FB|https://www.familysearch.org/indexing/admin-new/#/projects/BBAAD840-13AA-4D2A-A481-583F595F2ECB/manage/40A71841-DD8F-44CD-8BF3-6DD9DB10F0FB/batches/list];READY_FOR_DELIVERY;
104911024;18-0127: Wisconsin, Wisconsin Vital Records Office, Birth Records, 1964-1980 - (Ancestry 47754) - FSI \\ 18-1425: Wisconsin, Wisconsin Vital Records Office, Birth Records, 1964-1980 - (ACOM, NED IMAGES, ROC ONLY) - FSI;[US, Wisconsin—Birth Records, 1964–1980|https://www.familysearch.org/indexing/admin-new/#/projects/BBAAD840-13AA-4D2A-A481-583F595F2ECB/overview] \\ [US, Wisconsin—Birth Records, Charge-Out Forms, 1964–1980 \[Part B\]|https://www.familysearch.org/indexing/admin-new/#/projects/D2FF9F8F-D129-4383-A197-A48C5E4B06D3/overview];In Production \\ In Production;[US, Wisconsin—Birth Records, 1964–1980|https://www.familysearch.org/indexing/admin-new/#/projects/BBAAD840-13AA-4D2A-A481-583F595F2ECB/overview];[A7A21432-E70A-4F17-B5AE-213E215E0C32|https://www.familysearch.org/indexing/admin-new/#/projects/BBAAD840-13AA-4D2A-A481-583F595F2ECB/manage/A7A21432-E70A-4F17-B5AE-213E215E0C32/batches/list];READY_FOR_DELIVERY;
104911025;18-0127: Wisconsin, Wisconsin Vital Records Office, Birth Records, 1964-1980 - (Ancestry 47754) - FSI \\ 18-1425: Wisconsin, Wisconsin Vital Records Office, Birth Records, 1964-1980 - (ACOM, NED IMAGES, ROC ONLY) - FSI;[US, Wisconsin—Birth Records, 1964–1980|https://www.familysearch.org/indexing/admin-new/#/projects/BBAAD840-13AA-4D2A-A481-583F595F2ECB/overview] \\ [US, Wisconsin—Birth Records, Charge-Out Forms, 1964–1980 \[Part B\]|https://www.familysearch.org/indexing/admin-new/#/projects/D2FF9F8F-D129-4383-A197-A48C5E4B06D3/overview];In Production \\ In Production;[US, Wisconsin—Birth Records, 1964–1980|https://www.familysearch.org/indexing/admin-new/#/projects/BBAAD840-13AA-4D2A-A481-583F595F2ECB/overview];[0EB0E888-F5A8-4489-AD2B-46AEA04169DF|https://www.familysearch.org/indexing/admin-new/#/projects/BBAAD840-13AA-4D2A-A481-583F595F2ECB/manage/0EB0E888-F5A8-4489-AD2B-46AEA04169DF/batches/list];READY_FOR_DELIVERY;
104911026;18-0127: Wisconsin, Wisconsin Vital Records Office, Birth Records, 1964-1980 - (Ancestry 47754) - FSI \\ 18-1425: Wisconsin, Wisconsin Vital Records Office, Birth Records, 1964-1980 - (ACOM, NED IMAGES, ROC ONLY) - FSI;[US, Wisconsin—Birth Records, 1964–1980|https://www.familysearch.org/indexing/admin-new/#/projects/BBAAD840-13AA-4D2A-A481-583F595F2ECB/overview] \\ [US, Wisconsin—Birth Records, Charge-Out Forms, 1964–1980 \[Part B\]|https://www.familysearch.org/indexing/admin-new/#/projects/D2FF9F8F-D129-4383-A197-A48C5E4B06D3/overview];In Production \\ In Production;[US, Wisconsin—Birth Records, 1964–1980|https://www.familysearch.org/indexing/admin-new/#/projects/BBAAD840-13AA-4D2A-A481-583F595F2ECB/overview];[760AD231-369E-4428-9D14-9FBFA8B37E2A|https://www.familysearch.org/indexing/admin-new/#/projects/BBAAD840-13AA-4D2A-A481-583F595F2ECB/manage/760AD231-369E-4428-9D14-9FBFA8B37E2A/batches/list];READY_FOR_DELIVERY;
104911027;18-0127: Wisconsin, Wisconsin Vital Records Office, Birth Records, 1964-1980 - (Ancestry 47754) - FSI \\ 18-1425: Wisconsin, Wisconsin Vital Records Office, Birth Records, 1964-1980 - (ACOM, NED IMAGES, ROC ONLY) - FSI;[US, Wisconsin—Birth Records, 1964–1980|https://www.familysearch.org/indexing/admin-new/#/projects/BBAAD840-13AA-4D2A-A481-583F595F2ECB/overview] \\ [US, Wisconsin—Birth Records, Charge-Out Forms, 1964–1980 \[Part B\]|https://www.familysearch.org/indexing/admin-new/#/projects/D2FF9F8F-D129-4383-A197-A48C5E4B06D3/overview];In Production \\ In Production;[US, Wisconsin—Birth Records, 1964–1980|https://www.familysearch.org/indexing/admin-new/#/projects/BBAAD840-13AA-4D2A-A481-583F595F2ECB/overview];[61C54C7D-DD8E-4888-9932-4BFC4D8E340F|https://www.familysearch.org/indexing/admin-new/#/projects/BBAAD840-13AA-4D2A-A481-583F595F2ECB/manage/61C54C7D-DD8E-4888-9932-4BFC4D8E340F/batches/list];READY_FOR_DELIVERY;
104911028;18-0127: Wisconsin, Wisconsin Vital Records Office, Birth Records, 1964-1980 - (Ancestry 47754) - FSI \\ 18-1425: Wisconsin, Wisconsin Vital Records Office, Birth Records, 1964-1980 - (ACOM, NED IMAGES, ROC ONLY) - FSI;[US, Wisconsin—Birth Records, 1964–1980|https://www.familysearch.org/indexing/admin-new/#/projects/BBAAD840-13AA-4D2A-A481-583F595F2ECB/overview] \\ [US, Wisconsin—Birth Records, Charge-Out Forms, 1964–1980 \[Part B\]|https://www.familysearch.org/indexing/admin-new/#/projects/D2FF9F8F-D129-4383-A197-A48C5E4B06D3/overview];In Production \\ In Production;[US, Wisconsin—Birth Records, 1964–1980|https://www.familysearch.org/indexing/admin-new/#/projects/BBAAD840-13AA-4D2A-A481-583F595F2ECB/overview];[7E81650B-FCCF-4E04-81CB-0EC77834BEB5|https://www.familysearch.org/indexing/admin-new/#/projects/BBAAD840-13AA-4D2A-A481-583F595F2ECB/manage/7E81650B-FCCF-4E04-81CB-0EC77834BEB5/batches/list];READY_FOR_DELIVERY;
104911029;18-0127: Wisconsin, Wisconsin Vital Records Office, Birth Records, 1964-1980 - (Ancestry 47754) - FSI \\ 18-1425: Wisconsin, Wisconsin Vital Records Office, Birth Records, 1964-1980 - (ACOM, NED IMAGES, ROC ONLY) - FSI;[US, Wisconsin—Birth Records, 1964–1980|https://www.familysearch.org/indexing/admin-new/#/projects/BBAAD840-13AA-4D2A-A481-583F595F2ECB/overview] \\ [US, Wisconsin—Birth Records, Charge-Out Forms, 1964–1980 \[Part B\]|https://www.familysearch.org/indexing/admin-new/#/projects/D2FF9F8F-D129-4383-A197-A48C5E4B06D3/overview];In Production \\ In Production;[US, Wisconsin—Birth Records, 1964–1980|https://www.familysearch.org/indexing/admin-new/#/projects/BBAAD840-13AA-4D2A-A481-583F595F2ECB/overview];[F726913D-E287-4A1E-89C3-86CB03B6B6CF|https://www.familysearch.org/indexing/admin-new/#/projects/BBAAD840-13AA-4D2A-A481-583F595F2ECB/manage/F726913D-E287-4A1E-89C3-86CB03B6B6CF/batches/list];READY_FOR_DELIVERY;
104911030;18-0127: Wisconsin, Wisconsin Vital Records Office, Birth Records, 1964-1980 - (Ancestry 47754) - FSI \\ 18-1425: Wisconsin, Wisconsin Vital Records Office, Birth Records, 1964-1980 - (ACOM, NED IMAGES, ROC ONLY) - FSI;[US, Wisconsin—Birth Records, 1964–1980|https://www.familysearch.org/indexing/admin-new/#/projects/BBAAD840-13AA-4D2A-A481-583F595F2ECB/overview] \\ [US, Wisconsin—Birth Records, Charge-Out Forms, 1964–1980 \[Part B\]|https://www.familysearch.org/indexing/admin-new/#/projects/D2FF9F8F-D129-4383-A197-A48C5E4B06D3/overview];In Production \\ In Production;[US, Wisconsin—Birth Records, 1964–1980|https://www.familysearch.org/indexing/admin-new/#/projects/BBAAD840-13AA-4D2A-A481-583F595F2ECB/overview];[0684C8CC-BF03-45AE-8DE5-6E1A0AFA0314|https://www.familysearch.org/indexing/admin-new/#/projects/BBAAD840-13AA-4D2A-A481-583F595F2ECB/manage/0684C8CC-BF03-45AE-8DE5-6E1A0AFA0314/batches/list];READY_FOR_DELIVERY;
104911031;18-0127: Wisconsin, Wisconsin Vital Records Office, Birth Records, 1964-1980 - (Ancestry 47754) - FSI \\ 18-1425: Wisconsin, Wisconsin Vital Records Office, Birth Records, 1964-1980 - (ACOM, NED IMAGES, ROC ONLY) - FSI;[US, Wisconsin—Birth Records, 1964–1980|https://www.familysearch.org/indexing/admin-new/#/projects/BBAAD840-13AA-4D2A-A481-583F595F2ECB/overview] \\ [US, Wisconsin—Birth Records, Charge-Out Forms, 1964–1980 \[Part B\]|https://www.familysearch.org/indexing/admin-new/#/projects/D2FF9F8F-D129-4383-A197-A48C5E4B06D3/overview];In Production \\ In Production;[US, Wisconsin—Birth Records, 1964–1980|https://www.familysearch.org/indexing/admin-new/#/projects/BBAAD840-13AA-4D2A-A481-583F595F2ECB/overview];[155C32A1-97AA-4EDB-A643-C7E1BA1E7339|https://www.familysearch.org/indexing/admin-new/#/projects/BBAAD840-13AA-4D2A-A481-583F595F2ECB/manage/155C32A1-97AA-4EDB-A643-C7E1BA1E7339/batches/list];READY_FOR_DELIVERY;
104911032;18-0127: Wisconsin, Wisconsin Vital Records Office, Birth Records, 1964-1980 - (Ancestry 47754) - FSI \\ 18-1425: Wisconsin, Wisconsin Vital Records Office, Birth Records, 1964-1980 - (ACOM, NED IMAGES, ROC ONLY) - FSI;[US, Wisconsin—Birth Records, 1964–1980|https://www.familysearch.org/indexing/admin-new/#/projects/BBAAD840-13AA-4D2A-A481-583F595F2ECB/overview] \\ [US, Wisconsin—Birth Records, Charge-Out Forms, 1964–1980 \[Part B\]|https://www.familysearch.org/indexing/admin-new/#/projects/D2FF9F8F-D129-4383-A197-A48C5E4B06D3/overview];In Production \\ In Production;[US, Wisconsin—Birth Records, 1964–1980|https://www.familysearch.org/indexing/admin-new/#/projects/BBAAD840-13AA-4D2A-A481-583F595F2ECB/overview];[C0291646-8B2E-4690-9D73-8001827F71A4|https://www.familysearch.org/indexing/admin-new/#/projects/BBAAD840-13AA-4D2A-A481-583F595F2ECB/manage/C0291646-8B2E-4690-9D73-8001827F71A4/batches/list];READY_FOR_DELIVERY;
104911033;18-0127: Wisconsin, Wisconsin Vital Records Office, Birth Records, 1964-1980 - (Ancestry 47754) - FSI \\ 18-1425: Wisconsin, Wisconsin Vital Records Office, Birth Records, 1964-1980 - (ACOM, NED IMAGES, ROC ONLY) - FSI;[US, Wisconsin—Birth Records, 1964–1980|https://www.familysearch.org/indexing/admin-new/#/projects/BBAAD840-13AA-4D2A-A481-583F595F2ECB/overview] \\ [US, Wisconsin—Birth Records, Charge-Out Forms, 1964–1980 \[Part B\]|https://www.familysearch.org/indexing/admin-new/#/projects/D2FF9F8F-D129-4383-A197-A48C5E4B06D3/overview];In Production \\ In Production;[US, Wisconsin—Birth Records, 1964–1980|https://www.familysearch.org/indexing/admin-new/#/projects/BBAAD840-13AA-4D2A-A481-583F595F2ECB/overview];[697388E5-3B36-4D0D-A6CD-5E5DC597BC07|https://www.familysearch.org/indexing/admin-new/#/projects/BBAAD840-13AA-4D2A-A481-583F595F2ECB/manage/697388E5-3B36-4D0D-A6CD-5E5DC597BC07/batches/list];READY_FOR_DELIVERY;
104911034;18-0127: Wisconsin, Wisconsin Vital Records Office, Birth Records, 1964-1980 - (Ancestry 47754) - FSI \\ 18-1425: Wisconsin, Wisconsin Vital Records Office, Birth Records, 1964-1980 - (ACOM, NED IMAGES, ROC ONLY) - FSI;[US, Wisconsin—Birth Records, 1964–1980|https://www.familysearch.org/indexing/admin-new/#/projects/BBAAD840-13AA-4D2A-A481-583F595F2ECB/overview] \\ [US, Wisconsin—Birth Records, Charge-Out Forms, 1964–1980 \[Part B\]|https://www.familysearch.org/indexing/admin-new/#/projects/D2FF9F8F-D129-4383-A197-A48C5E4B06D3/overview];In Production \\ In Production;[US, Wisconsin—Birth Records, 1964–1980|https://www.familysearch.org/indexing/admin-new/#/projects/BBAAD840-13AA-4D2A-A481-583F595F2ECB/overview];[33C948BB-8AB8-41EB-9CD7-6A50275CF13C|https://www.familysearch.org/indexing/admin-new/#/projects/BBAAD840-13AA-4D2A-A481-583F595F2ECB/manage/33C948BB-8AB8-41EB-9CD7-6A50275CF13C/batches/list];READY_FOR_DELIVERY;
104911035;18-0127: Wisconsin, Wisconsin Vital Records Office, Birth Records, 1964-1980 - (Ancestry 47754) - FSI \\ 18-1425: Wisconsin, Wisconsin Vital Records Office, Birth Records, 1964-1980 - (ACOM, NED IMAGES, ROC ONLY) - FSI;[US, Wisconsin—Birth Records, 1964–1980|https://www.familysearch.org/indexing/admin-new/#/projects/BBAAD840-13AA-4D2A-A481-583F595F2ECB/overview] \\ [US, Wisconsin—Birth Records, Charge-Out Forms, 1964–1980 \[Part B\]|https://www.familysearch.org/indexing/admin-new/#/projects/D2FF9F8F-D129-4383-A197-A48C5E4B06D3/overview];In Production \\ In Production;[US, Wisconsin—Birth Records, 1964–1980|https://www.familysearch.org/indexing/admin-new/#/projects/BBAAD840-13AA-4D2A-A481-583F595F2ECB/overview];[6F9D4483-E33B-4D48-9CC9-03E5A2FBE0EF|https://www.familysearch.org/indexing/admin-new/#/projects/BBAAD840-13AA-4D2A-A481-583F595F2ECB/manage/6F9D4483-E33B-4D48-9CC9-03E5A2FBE0EF/batches/list];READY_FOR_DELIVERY;
104911036;18-0127: Wisconsin, Wisconsin Vital Records Office, Birth Records, 1964-1980 - (Ancestry 47754) - FSI \\ 18-1425: Wisconsin, Wisconsin Vital Records Office, Birth Records, 1964-1980 - (ACOM, NED IMAGES, ROC ONLY) - FSI;[US, Wisconsin—Birth Records, 1964–1980|https://www.familysearch.org/indexing/admin-new/#/projects/BBAAD840-13AA-4D2A-A481-583F595F2ECB/overview] \\ [US, Wisconsin—Birth Records, Charge-Out Forms, 1964–1980 \[Part B\]|https://www.familysearch.org/indexing/admin-new/#/projects/D2FF9F8F-D129-4383-A197-A48C5E4B06D3/overview];In Production \\ In Production;[US, Wisconsin—Birth Records, 1964–1980|https://www.familysearch.org/indexing/admin-new/#/projects/BBAAD840-13AA-4D2A-A481-583F595F2ECB/overview];[543F1778-FB18-4A93-9701-2920FBC0C7E9|https://www.familysearch.org/indexing/admin-new/#/projects/BBAAD840-13AA-4D2A-A481-583F595F2ECB/manage/543F1778-FB18-4A93-9701-2920FBC0C7E9/batches/list];READY_FOR_DELIVERY;
104911037;18-0127: Wisconsin, Wisconsin Vital Records Office, Birth Records, 1964-1980 - (Ancestry 47754) - FSI \\ 18-1425: Wisconsin, Wisconsin Vital Records Office, Birth Records, 1964-1980 - (ACOM, NED IMAGES, ROC ONLY) - FSI;[US, Wisconsin—Birth Records, 1964–1980|https://www.familysearch.org/indexing/admin-new/#/projects/BBAAD840-13AA-4D2A-A481-583F595F2ECB/overview] \\ [US, Wisconsin—Birth Records, Charge-Out Forms, 1964–1980 \[Part B\]|https://www.familysearch.org/indexing/admin-new/#/projects/D2FF9F8F-D129-4383-A197-A48C5E4B06D3/overview];In Production \\ In Production;[US, Wisconsin—Birth Records, 1964–1980|https://www.familysearch.org/indexing/admin-new/#/projects/BBAAD840-13AA-4D2A-A481-583F595F2ECB/overview];[190A5C45-4FFF-4185-89CE-5F57A2B9ECE7|https://www.familysearch.org/indexing/admin-new/#/projects/BBAAD840-13AA-4D2A-A481-583F595F2ECB/manage/190A5C45-4FFF-4185-89CE-5F57A2B9ECE7/batches/list];READY_FOR_DELIVERY;
104911038;18-0127: Wisconsin, Wisconsin Vital Records Office, Birth Records, 1964-1980 - (Ancestry 47754) - FSI \\ 18-1425: Wisconsin, Wisconsin Vital Records Office, Birth Records, 1964-1980 - (ACOM, NED IMAGES, ROC ONLY) - FSI;[US, Wisconsin—Birth Records, 1964–1980|https://www.familysearch.org/indexing/admin-new/#/projects/BBAAD840-13AA-4D2A-A481-583F595F2ECB/overview] \\ [US, Wisconsin—Birth Records, Charge-Out Forms, 1964–1980 \[Part B\]|https://www.familysearch.org/indexing/admin-new/#/projects/D2FF9F8F-D129-4383-A197-A48C5E4B06D3/overview];In Production \\ In Production;[US, Wisconsin—Birth Records, 1964–1980|https://www.familysearch.org/indexing/admin-new/#/projects/BBAAD840-13AA-4D2A-A481-583F595F2ECB/overview];[B6252D9C-083B-4975-813B-1D94115A1F20|https://www.familysearch.org/indexing/admin-new/#/projects/BBAAD840-13AA-4D2A-A481-583F595F2ECB/manage/B6252D9C-083B-4975-813B-1D94115A1F20/batches/list];READY_FOR_DELIVERY;
104911039;18-0127: Wisconsin, Wisconsin Vital Records Office, Birth Records, 1964-1980 - (Ancestry 47754) - FSI \\ 18-1425: Wisconsin, Wisconsin Vital Records Office, Birth Records, 1964-1980 - (ACOM, NED IMAGES, ROC ONLY) - FSI;[US, Wisconsin—Birth Records, 1964–1980|https://www.familysearch.org/indexing/admin-new/#/projects/BBAAD840-13AA-4D2A-A481-583F595F2ECB/overview] \\ [US, Wisconsin—Birth Records, Charge-Out Forms, 1964–1980 \[Part B\]|https://www.familysearch.org/indexing/admin-new/#/projects/D2FF9F8F-D129-4383-A197-A48C5E4B06D3/overview];In Production \\ In Production;[US, Wisconsin—Birth Records, 1964–1980|https://www.familysearch.org/indexing/admin-new/#/projects/BBAAD840-13AA-4D2A-A481-583F595F2ECB/overview];[DEAF4CD5-1C04-4BB4-8585-1F566E4EE49E|https://www.familysearch.org/indexing/admin-new/#/projects/BBAAD840-13AA-4D2A-A481-583F595F2ECB/manage/DEAF4CD5-1C04-4BB4-8585-1F566E4EE49E/batches/list];READY_FOR_DELIVERY;
104911040;18-0127: Wisconsin, Wisconsin Vital Records Office, Birth Records, 1964-1980 - (Ancestry 47754) - FSI \\ 18-1425: Wisconsin, Wisconsin Vital Records Office, Birth Records, 1964-1980 - (ACOM, NED IMAGES, ROC ONLY) - FSI;[US, Wisconsin—Birth Records, 1964–1980|https://www.familysearch.org/indexing/admin-new/#/projects/BBAAD840-13AA-4D2A-A481-583F595F2ECB/overview] \\ [US, Wisconsin—Birth Records, Charge-Out Forms, 1964–1980 \[Part B\]|https://www.familysearch.org/indexing/admin-new/#/projects/D2FF9F8F-D129-4383-A197-A48C5E4B06D3/overview];In Production \\ In Production;[US, Wisconsin—Birth Records, 1964–1980|https://www.familysearch.org/indexing/admin-new/#/projects/BBAAD840-13AA-4D2A-A481-583F595F2ECB/overview];[87C8AB05-95BA-4BEE-9557-FA71066BB8B1|https://www.familysearch.org/indexing/admin-new/#/projects/BBAAD840-13AA-4D2A-A481-583F595F2ECB/manage/87C8AB05-95BA-4BEE-9557-FA71066BB8B1/batches/list];READY_FOR_DELIVERY;
104911041;18-0127: Wisconsin, Wisconsin Vital Records Office, Birth Records, 1964-1980 - (Ancestry 47754) - FSI \\ 18-1425: Wisconsin, Wisconsin Vital Records Office, Birth Records, 1964-1980 - (ACOM, NED IMAGES, ROC ONLY) - FSI;[US, Wisconsin—Birth Records, 1964–1980|https://www.familysearch.org/indexing/admin-new/#/projects/BBAAD840-13AA-4D2A-A481-583F595F2ECB/overview] \\ [US, Wisconsin—Birth Records, Charge-Out Forms, 1964–1980 \[Part B\]|https://www.familysearch.org/indexing/admin-new/#/projects/D2FF9F8F-D129-4383-A197-A48C5E4B06D3/overview];In Production \\ In Production;[US, Wisconsin—Birth Records, 1964–1980|https://www.familysearch.org/indexing/admin-new/#/projects/BBAAD840-13AA-4D2A-A481-583F595F2ECB/overview];[5FD1E512-9208-4A01-9D48-448E00AF3939|https://www.familysearch.org/indexing/admin-new/#/projects/BBAAD840-13AA-4D2A-A481-583F595F2ECB/manage/5FD1E512-9208-4A01-9D48-448E00AF3939/batches/list];READY_FOR_DELIVERY;
104911042;18-0127: Wisconsin, Wisconsin Vital Records Office, Birth Records, 1964-1980 - (Ancestry 47754) - FSI \\ 18-1425: Wisconsin, Wisconsin Vital Records Office, Birth Records, 1964-1980 - (ACOM, NED IMAGES, ROC ONLY) - FSI;[US, Wisconsin—Birth Records, 1964–1980|https://www.familysearch.org/indexing/admin-new/#/projects/BBAAD840-13AA-4D2A-A481-583F595F2ECB/overview] \\ [US, Wisconsin—Birth Records, Charge-Out Forms, 1964–1980 \[Part B\]|https://www.familysearch.org/indexing/admin-new/#/projects/D2FF9F8F-D129-4383-A197-A48C5E4B06D3/overview];In Production \\ In Production;[US, Wisconsin—Birth Records, 1964–1980|https://www.familysearch.org/indexing/admin-new/#/projects/BBAAD840-13AA-4D2A-A481-583F595F2ECB/overview];[B14AB42B-D417-426A-AD2E-8A68AB3B31B4|https://www.familysearch.org/indexing/admin-new/#/projects/BBAAD840-13AA-4D2A-A481-583F595F2ECB/manage/B14AB42B-D417-426A-AD2E-8A68AB3B31B4/batches/list];READY_FOR_DELIVERY;
104911043;18-0127: Wisconsin, Wisconsin Vital Records Office, Birth Records, 1964-1980 - (Ancestry 47754) - FSI \\ 18-1425: Wisconsin, Wisconsin Vital Records Office, Birth Records, 1964-1980 - (ACOM, NED IMAGES, ROC ONLY) - FSI;[US, Wisconsin—Birth Records, 1964–1980|https://www.familysearch.org/indexing/admin-new/#/projects/BBAAD840-13AA-4D2A-A481-583F595F2ECB/overview] \\ [US, Wisconsin—Birth Records, Charge-Out Forms, 1964–1980 \[Part B\]|https://www.familysearch.org/indexing/admin-new/#/projects/D2FF9F8F-D129-4383-A197-A48C5E4B06D3/overview];In Production \\ In Production;[US, Wisconsin—Birth Records, 1964–1980|https://www.familysearch.org/indexing/admin-new/#/projects/BBAAD840-13AA-4D2A-A481-583F595F2ECB/overview];[C16DF372-CBC3-4E55-A5F6-D695FEAF6848|https://www.familysearch.org/indexing/admin-new/#/projects/BBAAD840-13AA-4D2A-A481-583F595F2ECB/manage/C16DF372-CBC3-4E55-A5F6-D695FEAF6848/batches/list];READY_FOR_DELIVERY;
104911044;18-0127: Wisconsin, Wisconsin Vital Records Office, Birth Records, 1964-1980 - (Ancestry 47754) - FSI \\ 18-1425: Wisconsin, Wisconsin Vital Records Office, Birth Records, 1964-1980 - (ACOM, NED IMAGES, ROC ONLY) - FSI;[US, Wisconsin—Birth Records, 1964–1980|https://www.familysearch.org/indexing/admin-new/#/projects/BBAAD840-13AA-4D2A-A481-583F595F2ECB/overview] \\ [US, Wisconsin—Birth Records, Charge-Out Forms, 1964–1980 \[Part B\]|https://www.familysearch.org/indexing/admin-new/#/projects/D2FF9F8F-D129-4383-A197-A48C5E4B06D3/overview];In Production \\ In Production;[US, Wisconsin—Birth Records, 1964–1980|https://www.familysearch.org/indexing/admin-new/#/projects/BBAAD840-13AA-4D2A-A481-583F595F2ECB/overview];[EF29F9B4-9A97-4689-9BDC-2DE856467DB2|https://www.familysearch.org/indexing/admin-new/#/projects/BBAAD840-13AA-4D2A-A481-583F595F2ECB/manage/EF29F9B4-9A97-4689-9BDC-2DE856467DB2/batches/list];READY_FOR_DELIVERY;
104911045;18-0127: Wisconsin, Wisconsin Vital Records Office, Birth Records, 1964-1980 - (Ancestry 47754) - FSI \\ 18-1425: Wisconsin, Wisconsin Vital Records Office, Birth Records, 1964-1980 - (ACOM, NED IMAGES, ROC ONLY) - FSI;[US, Wisconsin—Birth Records, 1964–1980|https://www.familysearch.org/indexing/admin-new/#/projects/BBAAD840-13AA-4D2A-A481-583F595F2ECB/overview] \\ [US, Wisconsin—Birth Records, Charge-Out Forms, 1964–1980 \[Part B\]|https://www.familysearch.org/indexing/admin-new/#/projects/D2FF9F8F-D129-4383-A197-A48C5E4B06D3/overview];In Production \\ In Production;[US, Wisconsin—Birth Records, 1964–1980|https://www.familysearch.org/indexing/admin-new/#/projects/BBAAD840-13AA-4D2A-A481-583F595F2ECB/overview];[277F27E8-1888-4E33-9F2E-5651DC5D785C|https://www.familysearch.org/indexing/admin-new/#/projects/BBAAD840-13AA-4D2A-A481-583F595F2ECB/manage/277F27E8-1888-4E33-9F2E-5651DC5D785C/batches/list];READY_FOR_DELIVERY;
104911046;18-0127: Wisconsin, Wisconsin Vital Records Office, Birth Records, 1964-1980 - (Ancestry 47754) - FSI \\ 18-1425: Wisconsin, Wisconsin Vital Records Office, Birth Records, 1964-1980 - (ACOM, NED IMAGES, ROC ONLY) - FSI;[US, Wisconsin—Birth Records, 1964–1980|https://www.familysearch.org/indexing/admin-new/#/projects/BBAAD840-13AA-4D2A-A481-583F595F2ECB/overview] \\ [US, Wisconsin—Birth Records, Charge-Out Forms, 1964–1980 \[Part B\]|https://www.familysearch.org/indexing/admin-new/#/projects/D2FF9F8F-D129-4383-A197-A48C5E4B06D3/overview];In Production \\ In Production;[US, Wisconsin—Birth Records, 1964–1980|https://www.familysearch.org/indexing/admin-new/#/projects/BBAAD840-13AA-4D2A-A481-583F595F2ECB/overview];[47010D34-D3C0-4B23-9879-FB862A744547|https://www.familysearch.org/indexing/admin-new/#/projects/BBAAD840-13AA-4D2A-A481-583F595F2ECB/manage/47010D34-D3C0-4B23-9879-FB862A744547/batches/list];READY_FOR_DELIVERY;
104911047;18-0127: Wisconsin, Wisconsin Vital Records Office, Birth Records, 1964-1980 - (Ancestry 47754) - FSI \\ 18-1425: Wisconsin, Wisconsin Vital Records Office, Birth Records, 1964-1980 - (ACOM, NED IMAGES, ROC ONLY) - FSI;[US, Wisconsin—Birth Records, 1964–1980|https://www.familysearch.org/indexing/admin-new/#/projects/BBAAD840-13AA-4D2A-A481-583F595F2ECB/overview] \\ [US, Wisconsin—Birth Records, Charge-Out Forms, 1964–1980 \[Part B\]|https://www.familysearch.org/indexing/admin-new/#/projects/D2FF9F8F-D129-4383-A197-A48C5E4B06D3/overview];In Production \\ In Production;[US, Wisconsin—Birth Records, 1964–1980|https://www.familysearch.org/indexing/admin-new/#/projects/BBAAD840-13AA-4D2A-A481-583F595F2ECB/overview];[B09359F1-B2D4-41F4-AB84-E19AE1771769|https://www.familysearch.org/indexing/admin-new/#/projects/BBAAD840-13AA-4D2A-A481-583F595F2ECB/manage/B09359F1-B2D4-41F4-AB84-E19AE1771769/batches/list];READY_FOR_DELIVERY;
104911048;18-0127: Wisconsin, Wisconsin Vital Records Office, Birth Records, 1964-1980 - (Ancestry 47754) - FSI \\ 18-1425: Wisconsin, Wisconsin Vital Records Office, Birth Records, 1964-1980 - (ACOM, NED IMAGES, ROC ONLY) - FSI;[US, Wisconsin—Birth Records, 1964–1980|https://www.familysearch.org/indexing/admin-new/#/projects/BBAAD840-13AA-4D2A-A481-583F595F2ECB/overview] \\ [US, Wisconsin—Birth Records, Charge-Out Forms, 1964–1980 \[Part B\]|https://www.familysearch.org/indexing/admin-new/#/projects/D2FF9F8F-D129-4383-A197-A48C5E4B06D3/overview];In Production \\ In Production;[US, Wisconsin—Birth Records, 1964–1980|https://www.familysearch.org/indexing/admin-new/#/projects/BBAAD840-13AA-4D2A-A481-583F595F2ECB/overview];[F47168CE-6A96-4455-9B46-7C4CDC916CDB|https://www.familysearch.org/indexing/admin-new/#/projects/BBAAD840-13AA-4D2A-A481-583F595F2ECB/manage/F47168CE-6A96-4455-9B46-7C4CDC916CDB/batches/list];READY_FOR_DELIVERY;
104911049;18-0127: Wisconsin, Wisconsin Vital Records Office, Birth Records, 1964-1980 - (Ancestry 47754) - FSI \\ 18-1425: Wisconsin, Wisconsin Vital Records Office, Birth Records, 1964-1980 - (ACOM, NED IMAGES, ROC ONLY) - FSI;[US, Wisconsin—Birth Records, 1964–1980|https://www.familysearch.org/indexing/admin-new/#/projects/BBAAD840-13AA-4D2A-A481-583F595F2ECB/overview] \\ [US, Wisconsin—Birth Records, Charge-Out Forms, 1964–1980 \[Part B\]|https://www.familysearch.org/indexing/admin-new/#/projects/D2FF9F8F-D129-4383-A197-A48C5E4B06D3/overview];In Production \\ In Production;[US, Wisconsin—Birth Records, 1964–1980|https://www.familysearch.org/indexing/admin-new/#/projects/BBAAD840-13AA-4D2A-A481-583F595F2ECB/overview];[7ECA68DE-8ACC-4186-8DF3-BFB3829FF50B|https://www.familysearch.org/indexing/admin-new/#/projects/BBAAD840-13AA-4D2A-A481-583F595F2ECB/manage/7ECA68DE-8ACC-4186-8DF3-BFB3829FF50B/batches/list];READY_FOR_DELIVERY;
104911050;18-0127: Wisconsin, Wisconsin Vital Records Office, Birth Records, 1964-1980 - (Ancestry 47754) - FSI \\ 18-1425: Wisconsin, Wisconsin Vital Records Office, Birth Records, 1964-1980 - (ACOM, NED IMAGES, ROC ONLY) - FSI;[US, Wisconsin—Birth Records, 1964–1980|https://www.familysearch.org/indexing/admin-new/#/projects/BBAAD840-13AA-4D2A-A481-583F595F2ECB/overview] \\ [US, Wisconsin—Birth Records, Charge-Out Forms, 1964–1980 \[Part B\]|https://www.familysearch.org/indexing/admin-new/#/projects/D2FF9F8F-D129-4383-A197-A48C5E4B06D3/overview];In Production \\ In Production;[US, Wisconsin—Birth Records, 1964–1980|https://www.familysearch.org/indexing/admin-new/#/projects/BBAAD840-13AA-4D2A-A481-583F595F2ECB/overview];[AA252BC4-25D9-4F8F-A7C4-C1F062181A3B|https://www.familysearch.org/indexing/admin-new/#/projects/BBAAD840-13AA-4D2A-A481-583F595F2ECB/manage/AA252BC4-25D9-4F8F-A7C4-C1F062181A3B/batches/list];READY_FOR_DELIVERY;
104985175;18-0127: Wisconsin, Wisconsin Vital Records Office, Birth Records, 1964-1980 - (Ancestry 47754) - FSI;[US, Wisconsin—Birth Records, 1964-1980 \[Part B\]|https://www.familysearch.org/indexing/admin-new/#/projects/F3AE23FE-E5A4-4F14-AEA4-346DB8827012/overview];In Production;;D8068047-A8E9-4E0F-BDCA-F9CA8AAAFF3C;;
104985176;18-0127: Wisconsin, Wisconsin Vital Records Office, Birth Records, 1964-1980 - (Ancestry 47754) - FSI;[US, Wisconsin—Birth Records, 1964-1980 \[Part B\]|https://www.familysearch.org/indexing/admin-new/#/projects/F3AE23FE-E5A4-4F14-AEA4-346DB8827012/overview];In Production;;71C29D2D-009F-4C81-A942-B1892403693F;;
104985177;18-0127: Wisconsin, Wisconsin Vital Records Office, Birth Records, 1964-1980 - (Ancestry 47754) - FSI;[US, Wisconsin—Birth Records, 1964-1980 \[Part B\]|https://www.familysearch.org/indexing/admin-new/#/projects/F3AE23FE-E5A4-4F14-AEA4-346DB8827012/overview];In Production;;1AE11B94-6D8A-4B02-93D8-64422A4B75C1;;
104985178;18-0127: Wisconsin, Wisconsin Vital Records Office, Birth Records, 1964-1980 - (Ancestry 47754) - FSI;[US, Wisconsin—Birth Records, 1964-1980 \[Part B\]|https://www.familysearch.org/indexing/admin-new/#/projects/F3AE23FE-E5A4-4F14-AEA4-346DB8827012/overview];In Production;;EA0D3D49-F8D8-4361-94BA-21639C332947;;
