Item;Item Type;Note;Item Link
ReportItem instance counts;;PROJECT_BATCH_COUNTS_ARE_NOT_EQUAL: 1;
ReportItem instance counts;;PROJECT_AUDIT_BATCH_COUNTS_ARE_NOT_EQUAL: 1;
ReportItem instance counts;;IMAGE_NOT_IN_IMAGE_EXPORT_TABLE: 100;
ReportItem instance counts;;PROJECT_IMAGE_COUNTS_ARE_NOT_EQUAL: 1;
ReportItem instance counts;;AUDIT_BATCH_NOT_IN_IMAGE_EXPORT_TABLE: 7;
ReportItem instance counts;;PROJECT_NO_BLOCKED_IMAGES: 1;
ReportItem instance counts;;BATCH_NOT_IN_IMAGE_EXPORT_TABLE: 93;
ReportItem instance counts;;IMAGE_NO_INDEXING_BATCH: 100;
319A1911-11E2-4D21-A1E8-442E24AF7A34;BATCH;BATCH_NOT_IN_IMAGE_EXPORT_TABLE;[BATCH|https://www.familysearch.org/indexing/admin-new/#/projects/A05A206D-7A0D-4647-B29D-6B7438AA610A/manage/E9BC745A-0BF7-4866-B892-73A48780AC05/batches/319A1911-11E2-4D21-A1E8-442E24AF7A34]
F6907BFA-1147-4121-841F-46BAE60615F8;BATCH;BATCH_NOT_IN_IMAGE_EXPORT_TABLE;[BATCH|https://www.familysearch.org/indexing/admin-new/#/projects/A05A206D-7A0D-4647-B29D-6B7438AA610A/manage/E9BC745A-0BF7-4866-B892-73A48780AC05/batches/F6907BFA-1147-4121-841F-46BAE60615F8]
7B4ABE8B-C24D-4D25-B86E-4F1C949A3923;BATCH;BATCH_NOT_IN_IMAGE_EXPORT_TABLE;[BATCH|https://www.familysearch.org/indexing/admin-new/#/projects/A05A206D-7A0D-4647-B29D-6B7438AA610A/manage/E9BC745A-0BF7-4866-B892-73A48780AC05/batches/7B4ABE8B-C24D-4D25-B86E-4F1C949A3923]
34486FD1-15CC-46EE-BF35-8D955192ADE9;BATCH;BATCH_NOT_IN_IMAGE_EXPORT_TABLE;[BATCH|https://www.familysearch.org/indexing/admin-new/#/projects/A05A206D-7A0D-4647-B29D-6B7438AA610A/manage/E9BC745A-0BF7-4866-B892-73A48780AC05/batches/34486FD1-15CC-46EE-BF35-8D955192ADE9]
8CA1A21C-3301-4999-AA6D-EB3A70EE1C2F;BATCH;BATCH_NOT_IN_IMAGE_EXPORT_TABLE;[BATCH|https://www.familysearch.org/indexing/admin-new/#/projects/A05A206D-7A0D-4647-B29D-6B7438AA610A/manage/E9BC745A-0BF7-4866-B892-73A48780AC05/batches/8CA1A21C-3301-4999-AA6D-EB3A70EE1C2F]
46ABE8DC-5E6C-46EB-8626-0569F07D70F9;BATCH;BATCH_NOT_IN_IMAGE_EXPORT_TABLE;[BATCH|https://www.familysearch.org/indexing/admin-new/#/projects/A05A206D-7A0D-4647-B29D-6B7438AA610A/manage/E9BC745A-0BF7-4866-B892-73A48780AC05/batches/46ABE8DC-5E6C-46EB-8626-0569F07D70F9]
004407220_00269 (imageset: E9BC745A-0BF7-4866-B892-73A48780AC05);IMAGE;IMAGE_NOT_IN_IMAGE_EXPORT_TABLE \\ IMAGE_NO_INDEXING_BATCH;[IMAGE|https://www.familysearch.org/indexing/admin-new/#/projects/A05A206D-7A0D-4647-B29D-6B7438AA610A/manage/E9BC745A-0BF7-4866-B892-73A48780AC05/batches/0F875A1C-195B-4C75-9E61-983340F1E132]
004407220_00265 (imageset: E9BC745A-0BF7-4866-B892-73A48780AC05);IMAGE;IMAGE_NOT_IN_IMAGE_EXPORT_TABLE \\ IMAGE_NO_INDEXING_BATCH;[IMAGE|https://www.familysearch.org/indexing/admin-new/#/projects/A05A206D-7A0D-4647-B29D-6B7438AA610A/manage/E9BC745A-0BF7-4866-B892-73A48780AC05/batches/0F875A1C-195B-4C75-9E61-983340F1E132]
004407220_00266 (imageset: E9BC745A-0BF7-4866-B892-73A48780AC05);IMAGE;IMAGE_NOT_IN_IMAGE_EXPORT_TABLE \\ IMAGE_NO_INDEXING_BATCH;[IMAGE|https://www.familysearch.org/indexing/admin-new/#/projects/A05A206D-7A0D-4647-B29D-6B7438AA610A/manage/E9BC745A-0BF7-4866-B892-73A48780AC05/batches/0F875A1C-195B-4C75-9E61-983340F1E132]
004407220_00267 (imageset: E9BC745A-0BF7-4866-B892-73A48780AC05);IMAGE;IMAGE_NOT_IN_IMAGE_EXPORT_TABLE \\ IMAGE_NO_INDEXING_BATCH;[IMAGE|https://www.familysearch.org/indexing/admin-new/#/projects/A05A206D-7A0D-4647-B29D-6B7438AA610A/manage/E9BC745A-0BF7-4866-B892-73A48780AC05/batches/0F875A1C-195B-4C75-9E61-983340F1E132]
004407220_00146 (imageset: E9BC745A-0BF7-4866-B892-73A48780AC05);IMAGE;IMAGE_NOT_IN_IMAGE_EXPORT_TABLE \\ IMAGE_NO_INDEXING_BATCH;[IMAGE|https://www.familysearch.org/indexing/admin-new/#/projects/A05A206D-7A0D-4647-B29D-6B7438AA610A/manage/E9BC745A-0BF7-4866-B892-73A48780AC05/batches/0F875A1C-195B-4C75-9E61-983340F1E132]
004407220_00268 (imageset: E9BC745A-0BF7-4866-B892-73A48780AC05);IMAGE;IMAGE_NOT_IN_IMAGE_EXPORT_TABLE \\ IMAGE_NO_INDEXING_BATCH;[IMAGE|https://www.familysearch.org/indexing/admin-new/#/projects/A05A206D-7A0D-4647-B29D-6B7438AA610A/manage/E9BC745A-0BF7-4866-B892-73A48780AC05/batches/0F875A1C-195B-4C75-9E61-983340F1E132]
004407220_00261 (imageset: E9BC745A-0BF7-4866-B892-73A48780AC05);IMAGE;IMAGE_NOT_IN_IMAGE_EXPORT_TABLE \\ IMAGE_NO_INDEXING_BATCH;[IMAGE|https://www.familysearch.org/indexing/admin-new/#/projects/A05A206D-7A0D-4647-B29D-6B7438AA610A/manage/E9BC745A-0BF7-4866-B892-73A48780AC05/batches/0F875A1C-195B-4C75-9E61-983340F1E132]
004407220_00262 (imageset: E9BC745A-0BF7-4866-B892-73A48780AC05);IMAGE;IMAGE_NOT_IN_IMAGE_EXPORT_TABLE \\ IMAGE_NO_INDEXING_BATCH;[IMAGE|https://www.familysearch.org/indexing/admin-new/#/projects/A05A206D-7A0D-4647-B29D-6B7438AA610A/manage/E9BC745A-0BF7-4866-B892-73A48780AC05/batches/0F875A1C-195B-4C75-9E61-983340F1E132]
7A377DB1-BCC5-4BA1-8F21-F1BC874B3CA6;BATCH;BATCH_NOT_IN_IMAGE_EXPORT_TABLE;[BATCH|https://www.familysearch.org/indexing/admin-new/#/projects/A05A206D-7A0D-4647-B29D-6B7438AA610A/manage/E9BC745A-0BF7-4866-B892-73A48780AC05/batches/7A377DB1-BCC5-4BA1-8F21-F1BC874B3CA6]
004407220_00263 (imageset: E9BC745A-0BF7-4866-B892-73A48780AC05);IMAGE;IMAGE_NOT_IN_IMAGE_EXPORT_TABLE \\ IMAGE_NO_INDEXING_BATCH;[IMAGE|https://www.familysearch.org/indexing/admin-new/#/projects/A05A206D-7A0D-4647-B29D-6B7438AA610A/manage/E9BC745A-0BF7-4866-B892-73A48780AC05/batches/0F875A1C-195B-4C75-9E61-983340F1E132]
004407220_00264 (imageset: E9BC745A-0BF7-4866-B892-73A48780AC05);IMAGE;IMAGE_NOT_IN_IMAGE_EXPORT_TABLE \\ IMAGE_NO_INDEXING_BATCH;[IMAGE|https://www.familysearch.org/indexing/admin-new/#/projects/A05A206D-7A0D-4647-B29D-6B7438AA610A/manage/E9BC745A-0BF7-4866-B892-73A48780AC05/batches/0F875A1C-195B-4C75-9E61-983340F1E132]
B45FA439-FB28-4C13-8338-57F1F04AB652;BATCH;BATCH_NOT_IN_IMAGE_EXPORT_TABLE;[BATCH|https://www.familysearch.org/indexing/admin-new/#/projects/A05A206D-7A0D-4647-B29D-6B7438AA610A/manage/E9BC745A-0BF7-4866-B892-73A48780AC05/batches/B45FA439-FB28-4C13-8338-57F1F04AB652]
004407220_00260 (imageset: E9BC745A-0BF7-4866-B892-73A48780AC05);IMAGE;IMAGE_NOT_IN_IMAGE_EXPORT_TABLE \\ IMAGE_NO_INDEXING_BATCH;[IMAGE|https://www.familysearch.org/indexing/admin-new/#/projects/A05A206D-7A0D-4647-B29D-6B7438AA610A/manage/E9BC745A-0BF7-4866-B892-73A48780AC05/batches/0F875A1C-195B-4C75-9E61-983340F1E132]
4CC7934D-1E9C-4C3C-94BE-D76A41AD0986;BATCH;BATCH_NOT_IN_IMAGE_EXPORT_TABLE;[BATCH|https://www.familysearch.org/indexing/admin-new/#/projects/A05A206D-7A0D-4647-B29D-6B7438AA610A/manage/E9BC745A-0BF7-4866-B892-73A48780AC05/batches/4CC7934D-1E9C-4C3C-94BE-D76A41AD0986]
5A46FD0C-3108-4055-9E79-CDD7E562A77D;BATCH;AUDIT_BATCH_NOT_IN_IMAGE_EXPORT_TABLE;[BATCH|https://www.familysearch.org/indexing/admin-new/#/projects/A05A206D-7A0D-4647-B29D-6B7438AA610A/manage/E9BC745A-0BF7-4866-B892-73A48780AC05/batches/5A46FD0C-3108-4055-9E79-CDD7E562A77D]
BEB4F66F-0940-47A3-BD54-B42E167F4995;BATCH;BATCH_NOT_IN_IMAGE_EXPORT_TABLE;[BATCH|https://www.familysearch.org/indexing/admin-new/#/projects/A05A206D-7A0D-4647-B29D-6B7438AA610A/manage/E9BC745A-0BF7-4866-B892-73A48780AC05/batches/BEB4F66F-0940-47A3-BD54-B42E167F4995]
847A179C-0450-4585-96E8-2E4F7B286A77;BATCH;BATCH_NOT_IN_IMAGE_EXPORT_TABLE;[BATCH|https://www.familysearch.org/indexing/admin-new/#/projects/A05A206D-7A0D-4647-B29D-6B7438AA610A/manage/E9BC745A-0BF7-4866-B892-73A48780AC05/batches/847A179C-0450-4585-96E8-2E4F7B286A77]
4D738023-8B7A-4BD9-AA83-E4EC7612B7C8;BATCH;BATCH_NOT_IN_IMAGE_EXPORT_TABLE;[BATCH|https://www.familysearch.org/indexing/admin-new/#/projects/A05A206D-7A0D-4647-B29D-6B7438AA610A/manage/E9BC745A-0BF7-4866-B892-73A48780AC05/batches/4D738023-8B7A-4BD9-AA83-E4EC7612B7C8]
87BB61DC-EE34-408C-B240-743DD96172BB;BATCH;BATCH_NOT_IN_IMAGE_EXPORT_TABLE;[BATCH|https://www.familysearch.org/indexing/admin-new/#/projects/A05A206D-7A0D-4647-B29D-6B7438AA610A/manage/E9BC745A-0BF7-4866-B892-73A48780AC05/batches/87BB61DC-EE34-408C-B240-743DD96172BB]
27746427-E171-402C-B4A5-DB3BF9809C5C;BATCH;BATCH_NOT_IN_IMAGE_EXPORT_TABLE;[BATCH|https://www.familysearch.org/indexing/admin-new/#/projects/A05A206D-7A0D-4647-B29D-6B7438AA610A/manage/E9BC745A-0BF7-4866-B892-73A48780AC05/batches/27746427-E171-402C-B4A5-DB3BF9809C5C]
88C50E0F-C468-4015-9FD3-52EE94822944;BATCH;BATCH_NOT_IN_IMAGE_EXPORT_TABLE;[BATCH|https://www.familysearch.org/indexing/admin-new/#/projects/A05A206D-7A0D-4647-B29D-6B7438AA610A/manage/E9BC745A-0BF7-4866-B892-73A48780AC05/batches/88C50E0F-C468-4015-9FD3-52EE94822944]
3C697DEA-4AE5-41B3-AE3F-4B56AAD6B7FE;BATCH;BATCH_NOT_IN_IMAGE_EXPORT_TABLE;[BATCH|https://www.familysearch.org/indexing/admin-new/#/projects/A05A206D-7A0D-4647-B29D-6B7438AA610A/manage/E9BC745A-0BF7-4866-B892-73A48780AC05/batches/3C697DEA-4AE5-41B3-AE3F-4B56AAD6B7FE]
79D4553D-3A91-41D9-9D84-929A8C4F509D;BATCH;BATCH_NOT_IN_IMAGE_EXPORT_TABLE;[BATCH|https://www.familysearch.org/indexing/admin-new/#/projects/A05A206D-7A0D-4647-B29D-6B7438AA610A/manage/E9BC745A-0BF7-4866-B892-73A48780AC05/batches/79D4553D-3A91-41D9-9D84-929A8C4F509D]
3FB7EA75-BD59-40FD-A18E-144A1B701A85;BATCH;BATCH_NOT_IN_IMAGE_EXPORT_TABLE;[BATCH|https://www.familysearch.org/indexing/admin-new/#/projects/A05A206D-7A0D-4647-B29D-6B7438AA610A/manage/E9BC745A-0BF7-4866-B892-73A48780AC05/batches/3FB7EA75-BD59-40FD-A18E-144A1B701A85]
2DCF9B7C-85B1-4870-AC1B-EC81C59222E7;BATCH;BATCH_NOT_IN_IMAGE_EXPORT_TABLE;[BATCH|https://www.familysearch.org/indexing/admin-new/#/projects/A05A206D-7A0D-4647-B29D-6B7438AA610A/manage/E9BC745A-0BF7-4866-B892-73A48780AC05/batches/2DCF9B7C-85B1-4870-AC1B-EC81C59222E7]
004407220_00258 (imageset: E9BC745A-0BF7-4866-B892-73A48780AC05);IMAGE;IMAGE_NOT_IN_IMAGE_EXPORT_TABLE \\ IMAGE_NO_INDEXING_BATCH;[IMAGE|https://www.familysearch.org/indexing/admin-new/#/projects/A05A206D-7A0D-4647-B29D-6B7438AA610A/manage/E9BC745A-0BF7-4866-B892-73A48780AC05/batches/0F875A1C-195B-4C75-9E61-983340F1E132]
004407220_00259 (imageset: E9BC745A-0BF7-4866-B892-73A48780AC05);IMAGE;IMAGE_NOT_IN_IMAGE_EXPORT_TABLE \\ IMAGE_NO_INDEXING_BATCH;[IMAGE|https://www.familysearch.org/indexing/admin-new/#/projects/A05A206D-7A0D-4647-B29D-6B7438AA610A/manage/E9BC745A-0BF7-4866-B892-73A48780AC05/batches/0F875A1C-195B-4C75-9E61-983340F1E132]
004407220_00254 (imageset: E9BC745A-0BF7-4866-B892-73A48780AC05);IMAGE;IMAGE_NOT_IN_IMAGE_EXPORT_TABLE \\ IMAGE_NO_INDEXING_BATCH;[IMAGE|https://www.familysearch.org/indexing/admin-new/#/projects/A05A206D-7A0D-4647-B29D-6B7438AA610A/manage/E9BC745A-0BF7-4866-B892-73A48780AC05/batches/0F875A1C-195B-4C75-9E61-983340F1E132]
004407220_00255 (imageset: E9BC745A-0BF7-4866-B892-73A48780AC05);IMAGE;IMAGE_NOT_IN_IMAGE_EXPORT_TABLE \\ IMAGE_NO_INDEXING_BATCH;[IMAGE|https://www.familysearch.org/indexing/admin-new/#/projects/A05A206D-7A0D-4647-B29D-6B7438AA610A/manage/E9BC745A-0BF7-4866-B892-73A48780AC05/batches/0F875A1C-195B-4C75-9E61-983340F1E132]
004407220_00256 (imageset: E9BC745A-0BF7-4866-B892-73A48780AC05);IMAGE;IMAGE_NOT_IN_IMAGE_EXPORT_TABLE \\ IMAGE_NO_INDEXING_BATCH;[IMAGE|https://www.familysearch.org/indexing/admin-new/#/projects/A05A206D-7A0D-4647-B29D-6B7438AA610A/manage/E9BC745A-0BF7-4866-B892-73A48780AC05/batches/0F875A1C-195B-4C75-9E61-983340F1E132]
004407220_00135 (imageset: E9BC745A-0BF7-4866-B892-73A48780AC05);IMAGE;IMAGE_NOT_IN_IMAGE_EXPORT_TABLE \\ IMAGE_NO_INDEXING_BATCH;[IMAGE|https://www.familysearch.org/indexing/admin-new/#/projects/A05A206D-7A0D-4647-B29D-6B7438AA610A/manage/E9BC745A-0BF7-4866-B892-73A48780AC05/batches/0F875A1C-195B-4C75-9E61-983340F1E132]
004407220_00257 (imageset: E9BC745A-0BF7-4866-B892-73A48780AC05);IMAGE;IMAGE_NOT_IN_IMAGE_EXPORT_TABLE \\ IMAGE_NO_INDEXING_BATCH;[IMAGE|https://www.familysearch.org/indexing/admin-new/#/projects/A05A206D-7A0D-4647-B29D-6B7438AA610A/manage/E9BC745A-0BF7-4866-B892-73A48780AC05/batches/0F875A1C-195B-4C75-9E61-983340F1E132]
004407220_00250 (imageset: E9BC745A-0BF7-4866-B892-73A48780AC05);IMAGE;IMAGE_NOT_IN_IMAGE_EXPORT_TABLE \\ IMAGE_NO_INDEXING_BATCH;[IMAGE|https://www.familysearch.org/indexing/admin-new/#/projects/A05A206D-7A0D-4647-B29D-6B7438AA610A/manage/E9BC745A-0BF7-4866-B892-73A48780AC05/batches/0F875A1C-195B-4C75-9E61-983340F1E132]
004407220_00251 (imageset: E9BC745A-0BF7-4866-B892-73A48780AC05);IMAGE;IMAGE_NOT_IN_IMAGE_EXPORT_TABLE \\ IMAGE_NO_INDEXING_BATCH;[IMAGE|https://www.familysearch.org/indexing/admin-new/#/projects/A05A206D-7A0D-4647-B29D-6B7438AA610A/manage/E9BC745A-0BF7-4866-B892-73A48780AC05/batches/0F875A1C-195B-4C75-9E61-983340F1E132]
004407220_00252 (imageset: E9BC745A-0BF7-4866-B892-73A48780AC05);IMAGE;IMAGE_NOT_IN_IMAGE_EXPORT_TABLE \\ IMAGE_NO_INDEXING_BATCH;[IMAGE|https://www.familysearch.org/indexing/admin-new/#/projects/A05A206D-7A0D-4647-B29D-6B7438AA610A/manage/E9BC745A-0BF7-4866-B892-73A48780AC05/batches/0F875A1C-195B-4C75-9E61-983340F1E132]
33BB592B-6BA4-4ADB-A86B-C86FC9CD2E72;BATCH;BATCH_NOT_IN_IMAGE_EXPORT_TABLE;[BATCH|https://www.familysearch.org/indexing/admin-new/#/projects/A05A206D-7A0D-4647-B29D-6B7438AA610A/manage/E9BC745A-0BF7-4866-B892-73A48780AC05/batches/33BB592B-6BA4-4ADB-A86B-C86FC9CD2E72]
004407220_00253 (imageset: E9BC745A-0BF7-4866-B892-73A48780AC05);IMAGE;IMAGE_NOT_IN_IMAGE_EXPORT_TABLE \\ IMAGE_NO_INDEXING_BATCH;[IMAGE|https://www.familysearch.org/indexing/admin-new/#/projects/A05A206D-7A0D-4647-B29D-6B7438AA610A/manage/E9BC745A-0BF7-4866-B892-73A48780AC05/batches/0F875A1C-195B-4C75-9E61-983340F1E132]
D03E158A-335D-4556-A06D-3D399FF1F4AF;BATCH;BATCH_NOT_IN_IMAGE_EXPORT_TABLE;[BATCH|https://www.familysearch.org/indexing/admin-new/#/projects/A05A206D-7A0D-4647-B29D-6B7438AA610A/manage/E9BC745A-0BF7-4866-B892-73A48780AC05/batches/D03E158A-335D-4556-A06D-3D399FF1F4AF]
BEDE18BF-C2DA-45B9-A42B-E04E46CAB34F;BATCH;BATCH_NOT_IN_IMAGE_EXPORT_TABLE;[BATCH|https://www.familysearch.org/indexing/admin-new/#/projects/A05A206D-7A0D-4647-B29D-6B7438AA610A/manage/E9BC745A-0BF7-4866-B892-73A48780AC05/batches/BEDE18BF-C2DA-45B9-A42B-E04E46CAB34F]
49B749F0-0268-482E-BCA9-759FB5AACB78;BATCH;BATCH_NOT_IN_IMAGE_EXPORT_TABLE;[BATCH|https://www.familysearch.org/indexing/admin-new/#/projects/A05A206D-7A0D-4647-B29D-6B7438AA610A/manage/E9BC745A-0BF7-4866-B892-73A48780AC05/batches/49B749F0-0268-482E-BCA9-759FB5AACB78]
6CAFA89E-E1C9-487D-AB86-310D0B7EA679;BATCH;BATCH_NOT_IN_IMAGE_EXPORT_TABLE;[BATCH|https://www.familysearch.org/indexing/admin-new/#/projects/A05A206D-7A0D-4647-B29D-6B7438AA610A/manage/E9BC745A-0BF7-4866-B892-73A48780AC05/batches/6CAFA89E-E1C9-487D-AB86-310D0B7EA679]
004407220_00247 (imageset: E9BC745A-0BF7-4866-B892-73A48780AC05);IMAGE;IMAGE_NOT_IN_IMAGE_EXPORT_TABLE \\ IMAGE_NO_INDEXING_BATCH;[IMAGE|https://www.familysearch.org/indexing/admin-new/#/projects/A05A206D-7A0D-4647-B29D-6B7438AA610A/manage/E9BC745A-0BF7-4866-B892-73A48780AC05/batches/0F875A1C-195B-4C75-9E61-983340F1E132]
004407220_00005 (imageset: E9BC745A-0BF7-4866-B892-73A48780AC05);IMAGE;IMAGE_NOT_IN_IMAGE_EXPORT_TABLE \\ IMAGE_NO_INDEXING_BATCH;[IMAGE|https://www.familysearch.org/indexing/admin-new/#/projects/A05A206D-7A0D-4647-B29D-6B7438AA610A/manage/E9BC745A-0BF7-4866-B892-73A48780AC05/batches/0F875A1C-195B-4C75-9E61-983340F1E132]
A120EAA4-9F55-4D4C-96E9-4935DD962A09;BATCH;BATCH_NOT_IN_IMAGE_EXPORT_TABLE;[BATCH|https://www.familysearch.org/indexing/admin-new/#/projects/A05A206D-7A0D-4647-B29D-6B7438AA610A/manage/E9BC745A-0BF7-4866-B892-73A48780AC05/batches/A120EAA4-9F55-4D4C-96E9-4935DD962A09]
091F9EB9-82AD-41D7-A40F-46EAD11DBAC4;BATCH;BATCH_NOT_IN_IMAGE_EXPORT_TABLE;[BATCH|https://www.familysearch.org/indexing/admin-new/#/projects/A05A206D-7A0D-4647-B29D-6B7438AA610A/manage/E9BC745A-0BF7-4866-B892-73A48780AC05/batches/091F9EB9-82AD-41D7-A40F-46EAD11DBAC4]
004407220_00248 (imageset: E9BC745A-0BF7-4866-B892-73A48780AC05);IMAGE;IMAGE_NOT_IN_IMAGE_EXPORT_TABLE \\ IMAGE_NO_INDEXING_BATCH;[IMAGE|https://www.familysearch.org/indexing/admin-new/#/projects/A05A206D-7A0D-4647-B29D-6B7438AA610A/manage/E9BC745A-0BF7-4866-B892-73A48780AC05/batches/0F875A1C-195B-4C75-9E61-983340F1E132]
004407220_00127 (imageset: E9BC745A-0BF7-4866-B892-73A48780AC05);IMAGE;IMAGE_NOT_IN_IMAGE_EXPORT_TABLE \\ IMAGE_NO_INDEXING_BATCH;[IMAGE|https://www.familysearch.org/indexing/admin-new/#/projects/A05A206D-7A0D-4647-B29D-6B7438AA610A/manage/E9BC745A-0BF7-4866-B892-73A48780AC05/batches/0F875A1C-195B-4C75-9E61-983340F1E132]
004407220_00006 (imageset: E9BC745A-0BF7-4866-B892-73A48780AC05);IMAGE;IMAGE_NOT_IN_IMAGE_EXPORT_TABLE \\ IMAGE_NO_INDEXING_BATCH;[IMAGE|https://www.familysearch.org/indexing/admin-new/#/projects/A05A206D-7A0D-4647-B29D-6B7438AA610A/manage/E9BC745A-0BF7-4866-B892-73A48780AC05/batches/0F875A1C-195B-4C75-9E61-983340F1E132]
004407220_00249 (imageset: E9BC745A-0BF7-4866-B892-73A48780AC05);IMAGE;IMAGE_NOT_IN_IMAGE_EXPORT_TABLE \\ IMAGE_NO_INDEXING_BATCH;[IMAGE|https://www.familysearch.org/indexing/admin-new/#/projects/A05A206D-7A0D-4647-B29D-6B7438AA610A/manage/E9BC745A-0BF7-4866-B892-73A48780AC05/batches/0F875A1C-195B-4C75-9E61-983340F1E132]
1D095D1A-EC09-4307-81A8-2F62D68A5A3E;BATCH;BATCH_NOT_IN_IMAGE_EXPORT_TABLE;[BATCH|https://www.familysearch.org/indexing/admin-new/#/projects/A05A206D-7A0D-4647-B29D-6B7438AA610A/manage/E9BC745A-0BF7-4866-B892-73A48780AC05/batches/1D095D1A-EC09-4307-81A8-2F62D68A5A3E]
004407220_00243 (imageset: E9BC745A-0BF7-4866-B892-73A48780AC05);IMAGE;IMAGE_NOT_IN_IMAGE_EXPORT_TABLE \\ IMAGE_NO_INDEXING_BATCH;[IMAGE|https://www.familysearch.org/indexing/admin-new/#/projects/A05A206D-7A0D-4647-B29D-6B7438AA610A/manage/E9BC745A-0BF7-4866-B892-73A48780AC05/batches/0F875A1C-195B-4C75-9E61-983340F1E132]
004407220_00001 (imageset: E9BC745A-0BF7-4866-B892-73A48780AC05);IMAGE;IMAGE_NOT_IN_IMAGE_EXPORT_TABLE \\ IMAGE_NO_INDEXING_BATCH;[IMAGE|https://www.familysearch.org/indexing/admin-new/#/projects/A05A206D-7A0D-4647-B29D-6B7438AA610A/manage/E9BC745A-0BF7-4866-B892-73A48780AC05/batches/0F875A1C-195B-4C75-9E61-983340F1E132]
004407220_00244 (imageset: E9BC745A-0BF7-4866-B892-73A48780AC05);IMAGE;IMAGE_NOT_IN_IMAGE_EXPORT_TABLE \\ IMAGE_NO_INDEXING_BATCH;[IMAGE|https://www.familysearch.org/indexing/admin-new/#/projects/A05A206D-7A0D-4647-B29D-6B7438AA610A/manage/E9BC745A-0BF7-4866-B892-73A48780AC05/batches/0F875A1C-195B-4C75-9E61-983340F1E132]
004407220_00002 (imageset: E9BC745A-0BF7-4866-B892-73A48780AC05);IMAGE;IMAGE_NOT_IN_IMAGE_EXPORT_TABLE \\ IMAGE_NO_INDEXING_BATCH;[IMAGE|https://www.familysearch.org/indexing/admin-new/#/projects/A05A206D-7A0D-4647-B29D-6B7438AA610A/manage/E9BC745A-0BF7-4866-B892-73A48780AC05/batches/0F875A1C-195B-4C75-9E61-983340F1E132]
004407220_00245 (imageset: E9BC745A-0BF7-4866-B892-73A48780AC05);IMAGE;IMAGE_NOT_IN_IMAGE_EXPORT_TABLE \\ IMAGE_NO_INDEXING_BATCH;[IMAGE|https://www.familysearch.org/indexing/admin-new/#/projects/A05A206D-7A0D-4647-B29D-6B7438AA610A/manage/E9BC745A-0BF7-4866-B892-73A48780AC05/batches/0F875A1C-195B-4C75-9E61-983340F1E132]
004407220_00003 (imageset: E9BC745A-0BF7-4866-B892-73A48780AC05);IMAGE;IMAGE_NOT_IN_IMAGE_EXPORT_TABLE \\ IMAGE_NO_INDEXING_BATCH;[IMAGE|https://www.familysearch.org/indexing/admin-new/#/projects/A05A206D-7A0D-4647-B29D-6B7438AA610A/manage/E9BC745A-0BF7-4866-B892-73A48780AC05/batches/0F875A1C-195B-4C75-9E61-983340F1E132]
004407220_00246 (imageset: E9BC745A-0BF7-4866-B892-73A48780AC05);IMAGE;IMAGE_NOT_IN_IMAGE_EXPORT_TABLE \\ IMAGE_NO_INDEXING_BATCH;[IMAGE|https://www.familysearch.org/indexing/admin-new/#/projects/A05A206D-7A0D-4647-B29D-6B7438AA610A/manage/E9BC745A-0BF7-4866-B892-73A48780AC05/batches/0F875A1C-195B-4C75-9E61-983340F1E132]
004407220_00004 (imageset: E9BC745A-0BF7-4866-B892-73A48780AC05);IMAGE;IMAGE_NOT_IN_IMAGE_EXPORT_TABLE \\ IMAGE_NO_INDEXING_BATCH;[IMAGE|https://www.familysearch.org/indexing/admin-new/#/projects/A05A206D-7A0D-4647-B29D-6B7438AA610A/manage/E9BC745A-0BF7-4866-B892-73A48780AC05/batches/0F875A1C-195B-4C75-9E61-983340F1E132]
CB39EA0E-BD0D-461E-81FD-C50C2D817EE1;BATCH;BATCH_NOT_IN_IMAGE_EXPORT_TABLE;[BATCH|https://www.familysearch.org/indexing/admin-new/#/projects/A05A206D-7A0D-4647-B29D-6B7438AA610A/manage/E9BC745A-0BF7-4866-B892-73A48780AC05/batches/CB39EA0E-BD0D-461E-81FD-C50C2D817EE1]
004407220_00240 (imageset: E9BC745A-0BF7-4866-B892-73A48780AC05);IMAGE;IMAGE_NOT_IN_IMAGE_EXPORT_TABLE \\ IMAGE_NO_INDEXING_BATCH;[IMAGE|https://www.familysearch.org/indexing/admin-new/#/projects/A05A206D-7A0D-4647-B29D-6B7438AA610A/manage/E9BC745A-0BF7-4866-B892-73A48780AC05/batches/0F875A1C-195B-4C75-9E61-983340F1E132]
5EFA3A33-3EF9-4AEF-9C2C-F980AEB4EE5A;BATCH;BATCH_NOT_IN_IMAGE_EXPORT_TABLE;[BATCH|https://www.familysearch.org/indexing/admin-new/#/projects/A05A206D-7A0D-4647-B29D-6B7438AA610A/manage/E9BC745A-0BF7-4866-B892-73A48780AC05/batches/5EFA3A33-3EF9-4AEF-9C2C-F980AEB4EE5A]
004407220_00241 (imageset: E9BC745A-0BF7-4866-B892-73A48780AC05);IMAGE;IMAGE_NOT_IN_IMAGE_EXPORT_TABLE \\ IMAGE_NO_INDEXING_BATCH;[IMAGE|https://www.familysearch.org/indexing/admin-new/#/projects/A05A206D-7A0D-4647-B29D-6B7438AA610A/manage/E9BC745A-0BF7-4866-B892-73A48780AC05/batches/0F875A1C-195B-4C75-9E61-983340F1E132]
004407220_00242 (imageset: E9BC745A-0BF7-4866-B892-73A48780AC05);IMAGE;IMAGE_NOT_IN_IMAGE_EXPORT_TABLE \\ IMAGE_NO_INDEXING_BATCH;[IMAGE|https://www.familysearch.org/indexing/admin-new/#/projects/A05A206D-7A0D-4647-B29D-6B7438AA610A/manage/E9BC745A-0BF7-4866-B892-73A48780AC05/batches/0F875A1C-195B-4C75-9E61-983340F1E132]
64AD89EE-2EA7-4FAB-9EA6-4D8AAAE1D82F;BATCH;BATCH_NOT_IN_IMAGE_EXPORT_TABLE;[BATCH|https://www.familysearch.org/indexing/admin-new/#/projects/A05A206D-7A0D-4647-B29D-6B7438AA610A/manage/E9BC745A-0BF7-4866-B892-73A48780AC05/batches/64AD89EE-2EA7-4FAB-9EA6-4D8AAAE1D82F]
9D71DC3A-70DB-4A50-9624-1AA2034CF249;BATCH;BATCH_NOT_IN_IMAGE_EXPORT_TABLE;[BATCH|https://www.familysearch.org/indexing/admin-new/#/projects/A05A206D-7A0D-4647-B29D-6B7438AA610A/manage/E9BC745A-0BF7-4866-B892-73A48780AC05/batches/9D71DC3A-70DB-4A50-9624-1AA2034CF249]
8CBD3E66-2B76-4B0E-91D7-7C95EE4AD099;BATCH;BATCH_NOT_IN_IMAGE_EXPORT_TABLE;[BATCH|https://www.familysearch.org/indexing/admin-new/#/projects/A05A206D-7A0D-4647-B29D-6B7438AA610A/manage/E9BC745A-0BF7-4866-B892-73A48780AC05/batches/8CBD3E66-2B76-4B0E-91D7-7C95EE4AD099]
043BAD24-046C-4506-AED7-3C3A5F230929;BATCH;BATCH_NOT_IN_IMAGE_EXPORT_TABLE;[BATCH|https://www.familysearch.org/indexing/admin-new/#/projects/A05A206D-7A0D-4647-B29D-6B7438AA610A/manage/E9BC745A-0BF7-4866-B892-73A48780AC05/batches/043BAD24-046C-4506-AED7-3C3A5F230929]
31AA65CD-D918-4BEF-904C-520B6F9DB691;BATCH;BATCH_NOT_IN_IMAGE_EXPORT_TABLE;[BATCH|https://www.familysearch.org/indexing/admin-new/#/projects/A05A206D-7A0D-4647-B29D-6B7438AA610A/manage/E9BC745A-0BF7-4866-B892-73A48780AC05/batches/31AA65CD-D918-4BEF-904C-520B6F9DB691]
479227F2-5231-4595-8BFB-F6E5594A0ECB;BATCH;BATCH_NOT_IN_IMAGE_EXPORT_TABLE;[BATCH|https://www.familysearch.org/indexing/admin-new/#/projects/A05A206D-7A0D-4647-B29D-6B7438AA610A/manage/E9BC745A-0BF7-4866-B892-73A48780AC05/batches/479227F2-5231-4595-8BFB-F6E5594A0ECB]
818E6C45-AD44-4A07-AA31-AC22B15890A1;BATCH;BATCH_NOT_IN_IMAGE_EXPORT_TABLE;[BATCH|https://www.familysearch.org/indexing/admin-new/#/projects/A05A206D-7A0D-4647-B29D-6B7438AA610A/manage/E9BC745A-0BF7-4866-B892-73A48780AC05/batches/818E6C45-AD44-4A07-AA31-AC22B15890A1]
1CDB2CC1-F0EE-4EF0-B90E-D152A537CA8D;BATCH;BATCH_NOT_IN_IMAGE_EXPORT_TABLE;[BATCH|https://www.familysearch.org/indexing/admin-new/#/projects/A05A206D-7A0D-4647-B29D-6B7438AA610A/manage/E9BC745A-0BF7-4866-B892-73A48780AC05/batches/1CDB2CC1-F0EE-4EF0-B90E-D152A537CA8D]
E30739BC-2ADC-4B2D-AEB4-15F1C1DFEB6C;BATCH;BATCH_NOT_IN_IMAGE_EXPORT_TABLE;[BATCH|https://www.familysearch.org/indexing/admin-new/#/projects/A05A206D-7A0D-4647-B29D-6B7438AA610A/manage/E9BC745A-0BF7-4866-B892-73A48780AC05/batches/E30739BC-2ADC-4B2D-AEB4-15F1C1DFEB6C]
004407220_00236 (imageset: E9BC745A-0BF7-4866-B892-73A48780AC05);IMAGE;IMAGE_NOT_IN_IMAGE_EXPORT_TABLE \\ IMAGE_NO_INDEXING_BATCH;[IMAGE|https://www.familysearch.org/indexing/admin-new/#/projects/A05A206D-7A0D-4647-B29D-6B7438AA610A/manage/E9BC745A-0BF7-4866-B892-73A48780AC05/batches/0F875A1C-195B-4C75-9E61-983340F1E132]
004407220_00115 (imageset: E9BC745A-0BF7-4866-B892-73A48780AC05);IMAGE;IMAGE_NOT_IN_IMAGE_EXPORT_TABLE \\ IMAGE_NO_INDEXING_BATCH;[IMAGE|https://www.familysearch.org/indexing/admin-new/#/projects/A05A206D-7A0D-4647-B29D-6B7438AA610A/manage/E9BC745A-0BF7-4866-B892-73A48780AC05/batches/0F875A1C-195B-4C75-9E61-983340F1E132]
004407220_00237 (imageset: E9BC745A-0BF7-4866-B892-73A48780AC05);IMAGE;IMAGE_NOT_IN_IMAGE_EXPORT_TABLE \\ IMAGE_NO_INDEXING_BATCH;[IMAGE|https://www.familysearch.org/indexing/admin-new/#/projects/A05A206D-7A0D-4647-B29D-6B7438AA610A/manage/E9BC745A-0BF7-4866-B892-73A48780AC05/batches/0F875A1C-195B-4C75-9E61-983340F1E132]
004407220_00116 (imageset: E9BC745A-0BF7-4866-B892-73A48780AC05);IMAGE;IMAGE_NOT_IN_IMAGE_EXPORT_TABLE \\ IMAGE_NO_INDEXING_BATCH;[IMAGE|https://www.familysearch.org/indexing/admin-new/#/projects/A05A206D-7A0D-4647-B29D-6B7438AA610A/manage/E9BC745A-0BF7-4866-B892-73A48780AC05/batches/0F875A1C-195B-4C75-9E61-983340F1E132]
004407220_00238 (imageset: E9BC745A-0BF7-4866-B892-73A48780AC05);IMAGE;IMAGE_NOT_IN_IMAGE_EXPORT_TABLE \\ IMAGE_NO_INDEXING_BATCH;[IMAGE|https://www.familysearch.org/indexing/admin-new/#/projects/A05A206D-7A0D-4647-B29D-6B7438AA610A/manage/E9BC745A-0BF7-4866-B892-73A48780AC05/batches/0F875A1C-195B-4C75-9E61-983340F1E132]
004407220_00239 (imageset: E9BC745A-0BF7-4866-B892-73A48780AC05);IMAGE;IMAGE_NOT_IN_IMAGE_EXPORT_TABLE \\ IMAGE_NO_INDEXING_BATCH;[IMAGE|https://www.familysearch.org/indexing/admin-new/#/projects/A05A206D-7A0D-4647-B29D-6B7438AA610A/manage/E9BC745A-0BF7-4866-B892-73A48780AC05/batches/0F875A1C-195B-4C75-9E61-983340F1E132]
004407220_00232 (imageset: E9BC745A-0BF7-4866-B892-73A48780AC05);IMAGE;IMAGE_NOT_IN_IMAGE_EXPORT_TABLE \\ IMAGE_NO_INDEXING_BATCH;[IMAGE|https://www.familysearch.org/indexing/admin-new/#/projects/A05A206D-7A0D-4647-B29D-6B7438AA610A/manage/E9BC745A-0BF7-4866-B892-73A48780AC05/batches/0F875A1C-195B-4C75-9E61-983340F1E132]
004407220_00233 (imageset: E9BC745A-0BF7-4866-B892-73A48780AC05);IMAGE;IMAGE_NOT_IN_IMAGE_EXPORT_TABLE \\ IMAGE_NO_INDEXING_BATCH;[IMAGE|https://www.familysearch.org/indexing/admin-new/#/projects/A05A206D-7A0D-4647-B29D-6B7438AA610A/manage/E9BC745A-0BF7-4866-B892-73A48780AC05/batches/0F875A1C-195B-4C75-9E61-983340F1E132]
A002C1CD-95D3-497F-9991-F84967E4DAE5;BATCH;BATCH_NOT_IN_IMAGE_EXPORT_TABLE;[BATCH|https://www.familysearch.org/indexing/admin-new/#/projects/A05A206D-7A0D-4647-B29D-6B7438AA610A/manage/E9BC745A-0BF7-4866-B892-73A48780AC05/batches/A002C1CD-95D3-497F-9991-F84967E4DAE5]
004407220_00234 (imageset: E9BC745A-0BF7-4866-B892-73A48780AC05);IMAGE;IMAGE_NOT_IN_IMAGE_EXPORT_TABLE \\ IMAGE_NO_INDEXING_BATCH;[IMAGE|https://www.familysearch.org/indexing/admin-new/#/projects/A05A206D-7A0D-4647-B29D-6B7438AA610A/manage/E9BC745A-0BF7-4866-B892-73A48780AC05/batches/0F875A1C-195B-4C75-9E61-983340F1E132]
004407220_00113 (imageset: E9BC745A-0BF7-4866-B892-73A48780AC05);IMAGE;IMAGE_NOT_IN_IMAGE_EXPORT_TABLE \\ IMAGE_NO_INDEXING_BATCH;[IMAGE|https://www.familysearch.org/indexing/admin-new/#/projects/A05A206D-7A0D-4647-B29D-6B7438AA610A/manage/E9BC745A-0BF7-4866-B892-73A48780AC05/batches/0F875A1C-195B-4C75-9E61-983340F1E132]
004407220_00235 (imageset: E9BC745A-0BF7-4866-B892-73A48780AC05);IMAGE;IMAGE_NOT_IN_IMAGE_EXPORT_TABLE \\ IMAGE_NO_INDEXING_BATCH;[IMAGE|https://www.familysearch.org/indexing/admin-new/#/projects/A05A206D-7A0D-4647-B29D-6B7438AA610A/manage/E9BC745A-0BF7-4866-B892-73A48780AC05/batches/0F875A1C-195B-4C75-9E61-983340F1E132]
004407220_00114 (imageset: E9BC745A-0BF7-4866-B892-73A48780AC05);IMAGE;IMAGE_NOT_IN_IMAGE_EXPORT_TABLE \\ IMAGE_NO_INDEXING_BATCH;[IMAGE|https://www.familysearch.org/indexing/admin-new/#/projects/A05A206D-7A0D-4647-B29D-6B7438AA610A/manage/E9BC745A-0BF7-4866-B892-73A48780AC05/batches/0F875A1C-195B-4C75-9E61-983340F1E132]
004407220_00230 (imageset: E9BC745A-0BF7-4866-B892-73A48780AC05);IMAGE;IMAGE_NOT_IN_IMAGE_EXPORT_TABLE \\ IMAGE_NO_INDEXING_BATCH;[IMAGE|https://www.familysearch.org/indexing/admin-new/#/projects/A05A206D-7A0D-4647-B29D-6B7438AA610A/manage/E9BC745A-0BF7-4866-B892-73A48780AC05/batches/0F875A1C-195B-4C75-9E61-983340F1E132]
9B17A9CB-1FAA-440C-881C-1E73D9F20DE4;BATCH;AUDIT_BATCH_NOT_IN_IMAGE_EXPORT_TABLE;[BATCH|https://www.familysearch.org/indexing/admin-new/#/projects/A05A206D-7A0D-4647-B29D-6B7438AA610A/manage/E9BC745A-0BF7-4866-B892-73A48780AC05/batches/9B17A9CB-1FAA-440C-881C-1E73D9F20DE4]
004407220_00231 (imageset: E9BC745A-0BF7-4866-B892-73A48780AC05);IMAGE;IMAGE_NOT_IN_IMAGE_EXPORT_TABLE \\ IMAGE_NO_INDEXING_BATCH;[IMAGE|https://www.familysearch.org/indexing/admin-new/#/projects/A05A206D-7A0D-4647-B29D-6B7438AA610A/manage/E9BC745A-0BF7-4866-B892-73A48780AC05/batches/0F875A1C-195B-4C75-9E61-983340F1E132]
5F25520B-D79D-44F6-9521-BD5EB4BE81AF;BATCH;BATCH_NOT_IN_IMAGE_EXPORT_TABLE;[BATCH|https://www.familysearch.org/indexing/admin-new/#/projects/A05A206D-7A0D-4647-B29D-6B7438AA610A/manage/E9BC745A-0BF7-4866-B892-73A48780AC05/batches/5F25520B-D79D-44F6-9521-BD5EB4BE81AF]
C66F825C-232A-42BA-8973-79D4C949C6E3;BATCH;BATCH_NOT_IN_IMAGE_EXPORT_TABLE;[BATCH|https://www.familysearch.org/indexing/admin-new/#/projects/A05A206D-7A0D-4647-B29D-6B7438AA610A/manage/E9BC745A-0BF7-4866-B892-73A48780AC05/batches/C66F825C-232A-42BA-8973-79D4C949C6E3]
CE9A4A00-8B12-4CE4-AAB1-C4B252966CEE;BATCH;BATCH_NOT_IN_IMAGE_EXPORT_TABLE;[BATCH|https://www.familysearch.org/indexing/admin-new/#/projects/A05A206D-7A0D-4647-B29D-6B7438AA610A/manage/E9BC745A-0BF7-4866-B892-73A48780AC05/batches/CE9A4A00-8B12-4CE4-AAB1-C4B252966CEE]
C97B88E4-5B1E-4070-992D-3657D7CC9015;BATCH;BATCH_NOT_IN_IMAGE_EXPORT_TABLE;[BATCH|https://www.familysearch.org/indexing/admin-new/#/projects/A05A206D-7A0D-4647-B29D-6B7438AA610A/manage/E9BC745A-0BF7-4866-B892-73A48780AC05/batches/C97B88E4-5B1E-4070-992D-3657D7CC9015]
FE7D0BD3-9A7E-4216-9694-CD6A689B1667;BATCH;AUDIT_BATCH_NOT_IN_IMAGE_EXPORT_TABLE;[BATCH|https://www.familysearch.org/indexing/admin-new/#/projects/A05A206D-7A0D-4647-B29D-6B7438AA610A/manage/E9BC745A-0BF7-4866-B892-73A48780AC05/batches/FE7D0BD3-9A7E-4216-9694-CD6A689B1667]
E2BA6C61-7265-4068-8EF5-F418F7883EF4;BATCH;BATCH_NOT_IN_IMAGE_EXPORT_TABLE;[BATCH|https://www.familysearch.org/indexing/admin-new/#/projects/A05A206D-7A0D-4647-B29D-6B7438AA610A/manage/E9BC745A-0BF7-4866-B892-73A48780AC05/batches/E2BA6C61-7265-4068-8EF5-F418F7883EF4]
BBECE991-C37D-4612-9C9F-C3DFF51B2A37;BATCH;BATCH_NOT_IN_IMAGE_EXPORT_TABLE;[BATCH|https://www.familysearch.org/indexing/admin-new/#/projects/A05A206D-7A0D-4647-B29D-6B7438AA610A/manage/E9BC745A-0BF7-4866-B892-73A48780AC05/batches/BBECE991-C37D-4612-9C9F-C3DFF51B2A37]
004407220_00229 (imageset: E9BC745A-0BF7-4866-B892-73A48780AC05);IMAGE;IMAGE_NOT_IN_IMAGE_EXPORT_TABLE \\ IMAGE_NO_INDEXING_BATCH;[IMAGE|https://www.familysearch.org/indexing/admin-new/#/projects/A05A206D-7A0D-4647-B29D-6B7438AA610A/manage/E9BC745A-0BF7-4866-B892-73A48780AC05/batches/0F875A1C-195B-4C75-9E61-983340F1E132]
4D08067E-883A-4AD7-A241-48E244AABC71;BATCH;BATCH_NOT_IN_IMAGE_EXPORT_TABLE;[BATCH|https://www.familysearch.org/indexing/admin-new/#/projects/A05A206D-7A0D-4647-B29D-6B7438AA610A/manage/E9BC745A-0BF7-4866-B892-73A48780AC05/batches/4D08067E-883A-4AD7-A241-48E244AABC71]
1DB11F91-3AEB-4A79-91B3-712C92A6F978;BATCH;BATCH_NOT_IN_IMAGE_EXPORT_TABLE;[BATCH|https://www.familysearch.org/indexing/admin-new/#/projects/A05A206D-7A0D-4647-B29D-6B7438AA610A/manage/E9BC745A-0BF7-4866-B892-73A48780AC05/batches/1DB11F91-3AEB-4A79-91B3-712C92A6F978]
004407220_00225 (imageset: E9BC745A-0BF7-4866-B892-73A48780AC05);IMAGE;IMAGE_NOT_IN_IMAGE_EXPORT_TABLE \\ IMAGE_NO_INDEXING_BATCH;[IMAGE|https://www.familysearch.org/indexing/admin-new/#/projects/A05A206D-7A0D-4647-B29D-6B7438AA610A/manage/E9BC745A-0BF7-4866-B892-73A48780AC05/batches/0F875A1C-195B-4C75-9E61-983340F1E132]
004407220_00226 (imageset: E9BC745A-0BF7-4866-B892-73A48780AC05);IMAGE;IMAGE_NOT_IN_IMAGE_EXPORT_TABLE \\ IMAGE_NO_INDEXING_BATCH;[IMAGE|https://www.familysearch.org/indexing/admin-new/#/projects/A05A206D-7A0D-4647-B29D-6B7438AA610A/manage/E9BC745A-0BF7-4866-B892-73A48780AC05/batches/0F875A1C-195B-4C75-9E61-983340F1E132]
004407220_00105 (imageset: E9BC745A-0BF7-4866-B892-73A48780AC05);IMAGE;IMAGE_NOT_IN_IMAGE_EXPORT_TABLE \\ IMAGE_NO_INDEXING_BATCH;[IMAGE|https://www.familysearch.org/indexing/admin-new/#/projects/A05A206D-7A0D-4647-B29D-6B7438AA610A/manage/E9BC745A-0BF7-4866-B892-73A48780AC05/batches/0F875A1C-195B-4C75-9E61-983340F1E132]
004407220_00227 (imageset: E9BC745A-0BF7-4866-B892-73A48780AC05);IMAGE;IMAGE_NOT_IN_IMAGE_EXPORT_TABLE \\ IMAGE_NO_INDEXING_BATCH;[IMAGE|https://www.familysearch.org/indexing/admin-new/#/projects/A05A206D-7A0D-4647-B29D-6B7438AA610A/manage/E9BC745A-0BF7-4866-B892-73A48780AC05/batches/0F875A1C-195B-4C75-9E61-983340F1E132]
004407220_00228 (imageset: E9BC745A-0BF7-4866-B892-73A48780AC05);IMAGE;IMAGE_NOT_IN_IMAGE_EXPORT_TABLE \\ IMAGE_NO_INDEXING_BATCH;[IMAGE|https://www.familysearch.org/indexing/admin-new/#/projects/A05A206D-7A0D-4647-B29D-6B7438AA610A/manage/E9BC745A-0BF7-4866-B892-73A48780AC05/batches/0F875A1C-195B-4C75-9E61-983340F1E132]
C804EE94-13B4-463E-AB81-592548558C48;BATCH;BATCH_NOT_IN_IMAGE_EXPORT_TABLE;[BATCH|https://www.familysearch.org/indexing/admin-new/#/projects/A05A206D-7A0D-4647-B29D-6B7438AA610A/manage/E9BC745A-0BF7-4866-B892-73A48780AC05/batches/C804EE94-13B4-463E-AB81-592548558C48]
004407220_00221 (imageset: E9BC745A-0BF7-4866-B892-73A48780AC05);IMAGE;IMAGE_NOT_IN_IMAGE_EXPORT_TABLE \\ IMAGE_NO_INDEXING_BATCH;[IMAGE|https://www.familysearch.org/indexing/admin-new/#/projects/A05A206D-7A0D-4647-B29D-6B7438AA610A/manage/E9BC745A-0BF7-4866-B892-73A48780AC05/batches/0F875A1C-195B-4C75-9E61-983340F1E132]
004407220_00222 (imageset: E9BC745A-0BF7-4866-B892-73A48780AC05);IMAGE;IMAGE_NOT_IN_IMAGE_EXPORT_TABLE \\ IMAGE_NO_INDEXING_BATCH;[IMAGE|https://www.familysearch.org/indexing/admin-new/#/projects/A05A206D-7A0D-4647-B29D-6B7438AA610A/manage/E9BC745A-0BF7-4866-B892-73A48780AC05/batches/0F875A1C-195B-4C75-9E61-983340F1E132]
E1C03141-FDF0-4296-8E19-ECBBD5A63F58;BATCH;BATCH_NOT_IN_IMAGE_EXPORT_TABLE;[BATCH|https://www.familysearch.org/indexing/admin-new/#/projects/A05A206D-7A0D-4647-B29D-6B7438AA610A/manage/E9BC745A-0BF7-4866-B892-73A48780AC05/batches/E1C03141-FDF0-4296-8E19-ECBBD5A63F58]
069665D7-E790-4149-91B0-713F487F2995;BATCH;BATCH_NOT_IN_IMAGE_EXPORT_TABLE;[BATCH|https://www.familysearch.org/indexing/admin-new/#/projects/A05A206D-7A0D-4647-B29D-6B7438AA610A/manage/E9BC745A-0BF7-4866-B892-73A48780AC05/batches/069665D7-E790-4149-91B0-713F487F2995]
004407220_00223 (imageset: E9BC745A-0BF7-4866-B892-73A48780AC05);IMAGE;IMAGE_NOT_IN_IMAGE_EXPORT_TABLE \\ IMAGE_NO_INDEXING_BATCH;[IMAGE|https://www.familysearch.org/indexing/admin-new/#/projects/A05A206D-7A0D-4647-B29D-6B7438AA610A/manage/E9BC745A-0BF7-4866-B892-73A48780AC05/batches/0F875A1C-195B-4C75-9E61-983340F1E132]
004407220_00102 (imageset: E9BC745A-0BF7-4866-B892-73A48780AC05);IMAGE;IMAGE_NOT_IN_IMAGE_EXPORT_TABLE \\ IMAGE_NO_INDEXING_BATCH;[IMAGE|https://www.familysearch.org/indexing/admin-new/#/projects/A05A206D-7A0D-4647-B29D-6B7438AA610A/manage/E9BC745A-0BF7-4866-B892-73A48780AC05/batches/0F875A1C-195B-4C75-9E61-983340F1E132]
004407220_00224 (imageset: E9BC745A-0BF7-4866-B892-73A48780AC05);IMAGE;IMAGE_NOT_IN_IMAGE_EXPORT_TABLE \\ IMAGE_NO_INDEXING_BATCH;[IMAGE|https://www.familysearch.org/indexing/admin-new/#/projects/A05A206D-7A0D-4647-B29D-6B7438AA610A/manage/E9BC745A-0BF7-4866-B892-73A48780AC05/batches/0F875A1C-195B-4C75-9E61-983340F1E132]
A5E8908C-4D26-4E3A-9255-2D880FBFD125;BATCH;BATCH_NOT_IN_IMAGE_EXPORT_TABLE;[BATCH|https://www.familysearch.org/indexing/admin-new/#/projects/A05A206D-7A0D-4647-B29D-6B7438AA610A/manage/E9BC745A-0BF7-4866-B892-73A48780AC05/batches/A5E8908C-4D26-4E3A-9255-2D880FBFD125]
96CED693-A39C-4313-8CCF-7EB1BCE766F9;BATCH;BATCH_NOT_IN_IMAGE_EXPORT_TABLE;[BATCH|https://www.familysearch.org/indexing/admin-new/#/projects/A05A206D-7A0D-4647-B29D-6B7438AA610A/manage/E9BC745A-0BF7-4866-B892-73A48780AC05/batches/96CED693-A39C-4313-8CCF-7EB1BCE766F9]
004407220_00220 (imageset: E9BC745A-0BF7-4866-B892-73A48780AC05);IMAGE;IMAGE_NOT_IN_IMAGE_EXPORT_TABLE \\ IMAGE_NO_INDEXING_BATCH;[IMAGE|https://www.familysearch.org/indexing/admin-new/#/projects/A05A206D-7A0D-4647-B29D-6B7438AA610A/manage/E9BC745A-0BF7-4866-B892-73A48780AC05/batches/0F875A1C-195B-4C75-9E61-983340F1E132]
C0DF5A8E-A639-4BDF-8169-055589985F14;BATCH;BATCH_NOT_IN_IMAGE_EXPORT_TABLE;[BATCH|https://www.familysearch.org/indexing/admin-new/#/projects/A05A206D-7A0D-4647-B29D-6B7438AA610A/manage/E9BC745A-0BF7-4866-B892-73A48780AC05/batches/C0DF5A8E-A639-4BDF-8169-055589985F14]
5336D80B-C16C-4880-8517-EF67115F4B6F;BATCH;BATCH_NOT_IN_IMAGE_EXPORT_TABLE;[BATCH|https://www.familysearch.org/indexing/admin-new/#/projects/A05A206D-7A0D-4647-B29D-6B7438AA610A/manage/E9BC745A-0BF7-4866-B892-73A48780AC05/batches/5336D80B-C16C-4880-8517-EF67115F4B6F]
D73328CA-B6D7-4238-898E-5308EE150F33;BATCH;BATCH_NOT_IN_IMAGE_EXPORT_TABLE;[BATCH|https://www.familysearch.org/indexing/admin-new/#/projects/A05A206D-7A0D-4647-B29D-6B7438AA610A/manage/E9BC745A-0BF7-4866-B892-73A48780AC05/batches/D73328CA-B6D7-4238-898E-5308EE150F33]
FF1AAE91-AB86-41BC-B0FA-C6E4B9FA4741;BATCH;BATCH_NOT_IN_IMAGE_EXPORT_TABLE;[BATCH|https://www.familysearch.org/indexing/admin-new/#/projects/A05A206D-7A0D-4647-B29D-6B7438AA610A/manage/E9BC745A-0BF7-4866-B892-73A48780AC05/batches/FF1AAE91-AB86-41BC-B0FA-C6E4B9FA4741]
3B4DBBEA-8502-465B-94A2-F06CE9245B5C;BATCH;BATCH_NOT_IN_IMAGE_EXPORT_TABLE;[BATCH|https://www.familysearch.org/indexing/admin-new/#/projects/A05A206D-7A0D-4647-B29D-6B7438AA610A/manage/E9BC745A-0BF7-4866-B892-73A48780AC05/batches/3B4DBBEA-8502-465B-94A2-F06CE9245B5C]
CEA4344F-8CB2-40D9-BEAB-CE17F62843BA;BATCH;BATCH_NOT_IN_IMAGE_EXPORT_TABLE;[BATCH|https://www.familysearch.org/indexing/admin-new/#/projects/A05A206D-7A0D-4647-B29D-6B7438AA610A/manage/E9BC745A-0BF7-4866-B892-73A48780AC05/batches/CEA4344F-8CB2-40D9-BEAB-CE17F62843BA]
004407220_00218 (imageset: E9BC745A-0BF7-4866-B892-73A48780AC05);IMAGE;IMAGE_NOT_IN_IMAGE_EXPORT_TABLE \\ IMAGE_NO_INDEXING_BATCH;[IMAGE|https://www.familysearch.org/indexing/admin-new/#/projects/A05A206D-7A0D-4647-B29D-6B7438AA610A/manage/E9BC745A-0BF7-4866-B892-73A48780AC05/batches/0F875A1C-195B-4C75-9E61-983340F1E132]
004407220_00219 (imageset: E9BC745A-0BF7-4866-B892-73A48780AC05);IMAGE;IMAGE_NOT_IN_IMAGE_EXPORT_TABLE \\ IMAGE_NO_INDEXING_BATCH;[IMAGE|https://www.familysearch.org/indexing/admin-new/#/projects/A05A206D-7A0D-4647-B29D-6B7438AA610A/manage/E9BC745A-0BF7-4866-B892-73A48780AC05/batches/0F875A1C-195B-4C75-9E61-983340F1E132]
C4C49B79-93DF-47C7-B5D4-D2F817DB48C1;BATCH;BATCH_NOT_IN_IMAGE_EXPORT_TABLE;[BATCH|https://www.familysearch.org/indexing/admin-new/#/projects/A05A206D-7A0D-4647-B29D-6B7438AA610A/manage/E9BC745A-0BF7-4866-B892-73A48780AC05/batches/C4C49B79-93DF-47C7-B5D4-D2F817DB48C1]
004407220_00214 (imageset: E9BC745A-0BF7-4866-B892-73A48780AC05);IMAGE;IMAGE_NOT_IN_IMAGE_EXPORT_TABLE \\ IMAGE_NO_INDEXING_BATCH;[IMAGE|https://www.familysearch.org/indexing/admin-new/#/projects/A05A206D-7A0D-4647-B29D-6B7438AA610A/manage/E9BC745A-0BF7-4866-B892-73A48780AC05/batches/0F875A1C-195B-4C75-9E61-983340F1E132]
004407220_00215 (imageset: E9BC745A-0BF7-4866-B892-73A48780AC05);IMAGE;IMAGE_NOT_IN_IMAGE_EXPORT_TABLE \\ IMAGE_NO_INDEXING_BATCH;[IMAGE|https://www.familysearch.org/indexing/admin-new/#/projects/A05A206D-7A0D-4647-B29D-6B7438AA610A/manage/E9BC745A-0BF7-4866-B892-73A48780AC05/batches/0F875A1C-195B-4C75-9E61-983340F1E132]
83282A06-6D2C-4242-A55F-C382528CEB17;BATCH;BATCH_NOT_IN_IMAGE_EXPORT_TABLE;[BATCH|https://www.familysearch.org/indexing/admin-new/#/projects/A05A206D-7A0D-4647-B29D-6B7438AA610A/manage/E9BC745A-0BF7-4866-B892-73A48780AC05/batches/83282A06-6D2C-4242-A55F-C382528CEB17]
004407220_00216 (imageset: E9BC745A-0BF7-4866-B892-73A48780AC05);IMAGE;IMAGE_NOT_IN_IMAGE_EXPORT_TABLE \\ IMAGE_NO_INDEXING_BATCH;[IMAGE|https://www.familysearch.org/indexing/admin-new/#/projects/A05A206D-7A0D-4647-B29D-6B7438AA610A/manage/E9BC745A-0BF7-4866-B892-73A48780AC05/batches/0F875A1C-195B-4C75-9E61-983340F1E132]
846652A7-6365-4593-B84E-E7CC6FF46A1B;BATCH;BATCH_NOT_IN_IMAGE_EXPORT_TABLE;[BATCH|https://www.familysearch.org/indexing/admin-new/#/projects/A05A206D-7A0D-4647-B29D-6B7438AA610A/manage/E9BC745A-0BF7-4866-B892-73A48780AC05/batches/846652A7-6365-4593-B84E-E7CC6FF46A1B]
004407220_00217 (imageset: E9BC745A-0BF7-4866-B892-73A48780AC05);IMAGE;IMAGE_NOT_IN_IMAGE_EXPORT_TABLE \\ IMAGE_NO_INDEXING_BATCH;[IMAGE|https://www.familysearch.org/indexing/admin-new/#/projects/A05A206D-7A0D-4647-B29D-6B7438AA610A/manage/E9BC745A-0BF7-4866-B892-73A48780AC05/batches/0F875A1C-195B-4C75-9E61-983340F1E132]
562D90E0-F710-41A1-A018-56DB4422128A;BATCH;BATCH_NOT_IN_IMAGE_EXPORT_TABLE;[BATCH|https://www.familysearch.org/indexing/admin-new/#/projects/A05A206D-7A0D-4647-B29D-6B7438AA610A/manage/E9BC745A-0BF7-4866-B892-73A48780AC05/batches/562D90E0-F710-41A1-A018-56DB4422128A]
F95BEC55-DBF6-483F-B2BA-D2F852912670;BATCH;BATCH_NOT_IN_IMAGE_EXPORT_TABLE;[BATCH|https://www.familysearch.org/indexing/admin-new/#/projects/A05A206D-7A0D-4647-B29D-6B7438AA610A/manage/E9BC745A-0BF7-4866-B892-73A48780AC05/batches/F95BEC55-DBF6-483F-B2BA-D2F852912670]
004407220_00211 (imageset: E9BC745A-0BF7-4866-B892-73A48780AC05);IMAGE;IMAGE_NOT_IN_IMAGE_EXPORT_TABLE \\ IMAGE_NO_INDEXING_BATCH;[IMAGE|https://www.familysearch.org/indexing/admin-new/#/projects/A05A206D-7A0D-4647-B29D-6B7438AA610A/manage/E9BC745A-0BF7-4866-B892-73A48780AC05/batches/0F875A1C-195B-4C75-9E61-983340F1E132]
004407220_00212 (imageset: E9BC745A-0BF7-4866-B892-73A48780AC05);IMAGE;IMAGE_NOT_IN_IMAGE_EXPORT_TABLE \\ IMAGE_NO_INDEXING_BATCH;[IMAGE|https://www.familysearch.org/indexing/admin-new/#/projects/A05A206D-7A0D-4647-B29D-6B7438AA610A/manage/E9BC745A-0BF7-4866-B892-73A48780AC05/batches/0F875A1C-195B-4C75-9E61-983340F1E132]
004407220_00213 (imageset: E9BC745A-0BF7-4866-B892-73A48780AC05);IMAGE;IMAGE_NOT_IN_IMAGE_EXPORT_TABLE \\ IMAGE_NO_INDEXING_BATCH;[IMAGE|https://www.familysearch.org/indexing/admin-new/#/projects/A05A206D-7A0D-4647-B29D-6B7438AA610A/manage/E9BC745A-0BF7-4866-B892-73A48780AC05/batches/0F875A1C-195B-4C75-9E61-983340F1E132]
6B28C567-5D43-4BF5-A538-6DA69693EBB3;BATCH;BATCH_NOT_IN_IMAGE_EXPORT_TABLE;[BATCH|https://www.familysearch.org/indexing/admin-new/#/projects/A05A206D-7A0D-4647-B29D-6B7438AA610A/manage/E9BC745A-0BF7-4866-B892-73A48780AC05/batches/6B28C567-5D43-4BF5-A538-6DA69693EBB3]
5C5AF8DA-882C-4550-8775-9AE4875A9C67;BATCH;BATCH_NOT_IN_IMAGE_EXPORT_TABLE;[BATCH|https://www.familysearch.org/indexing/admin-new/#/projects/A05A206D-7A0D-4647-B29D-6B7438AA610A/manage/E9BC745A-0BF7-4866-B892-73A48780AC05/batches/5C5AF8DA-882C-4550-8775-9AE4875A9C67]
48C4193B-37C0-4A70-9394-6673B1DF1DD7;BATCH;AUDIT_BATCH_NOT_IN_IMAGE_EXPORT_TABLE;[BATCH|https://www.familysearch.org/indexing/admin-new/#/projects/A05A206D-7A0D-4647-B29D-6B7438AA610A/manage/E9BC745A-0BF7-4866-B892-73A48780AC05/batches/48C4193B-37C0-4A70-9394-6673B1DF1DD7]
ECDB37D2-EB5C-4AB1-9D74-5EC725A33BD7;BATCH;BATCH_NOT_IN_IMAGE_EXPORT_TABLE;[BATCH|https://www.familysearch.org/indexing/admin-new/#/projects/A05A206D-7A0D-4647-B29D-6B7438AA610A/manage/E9BC745A-0BF7-4866-B892-73A48780AC05/batches/ECDB37D2-EB5C-4AB1-9D74-5EC725A33BD7]
03869822-71CE-47F8-8101-5558D2281028;BATCH;BATCH_NOT_IN_IMAGE_EXPORT_TABLE;[BATCH|https://www.familysearch.org/indexing/admin-new/#/projects/A05A206D-7A0D-4647-B29D-6B7438AA610A/manage/E9BC745A-0BF7-4866-B892-73A48780AC05/batches/03869822-71CE-47F8-8101-5558D2281028]
DE05BBBF-36F1-4127-975B-D3F88387B3D1;BATCH;AUDIT_BATCH_NOT_IN_IMAGE_EXPORT_TABLE;[BATCH|https://www.familysearch.org/indexing/admin-new/#/projects/A05A206D-7A0D-4647-B29D-6B7438AA610A/manage/E9BC745A-0BF7-4866-B892-73A48780AC05/batches/DE05BBBF-36F1-4127-975B-D3F88387B3D1]
79597E7E-84E2-4D4D-B114-FDA526C7D765;BATCH;BATCH_NOT_IN_IMAGE_EXPORT_TABLE;[BATCH|https://www.familysearch.org/indexing/admin-new/#/projects/A05A206D-7A0D-4647-B29D-6B7438AA610A/manage/E9BC745A-0BF7-4866-B892-73A48780AC05/batches/79597E7E-84E2-4D4D-B114-FDA526C7D765]
49783FB2-8E3C-48CD-A5FF-D8C63DE0D531;BATCH;BATCH_NOT_IN_IMAGE_EXPORT_TABLE;[BATCH|https://www.familysearch.org/indexing/admin-new/#/projects/A05A206D-7A0D-4647-B29D-6B7438AA610A/manage/E9BC745A-0BF7-4866-B892-73A48780AC05/batches/49783FB2-8E3C-48CD-A5FF-D8C63DE0D531]
45C43C88-034F-42DB-A6A2-F93FF6EC1D2D;BATCH;BATCH_NOT_IN_IMAGE_EXPORT_TABLE;[BATCH|https://www.familysearch.org/indexing/admin-new/#/projects/A05A206D-7A0D-4647-B29D-6B7438AA610A/manage/E9BC745A-0BF7-4866-B892-73A48780AC05/batches/45C43C88-034F-42DB-A6A2-F93FF6EC1D2D]
551BD184-7E82-44A9-8834-831FEF52D9F5;BATCH;BATCH_NOT_IN_IMAGE_EXPORT_TABLE;[BATCH|https://www.familysearch.org/indexing/admin-new/#/projects/A05A206D-7A0D-4647-B29D-6B7438AA610A/manage/E9BC745A-0BF7-4866-B892-73A48780AC05/batches/551BD184-7E82-44A9-8834-831FEF52D9F5]
EAC54C0C-F118-4217-B365-F8180A47B339;BATCH;BATCH_NOT_IN_IMAGE_EXPORT_TABLE;[BATCH|https://www.familysearch.org/indexing/admin-new/#/projects/A05A206D-7A0D-4647-B29D-6B7438AA610A/manage/E9BC745A-0BF7-4866-B892-73A48780AC05/batches/EAC54C0C-F118-4217-B365-F8180A47B339]
D5D273DC-A563-4688-B05E-BE4A4D0B1011;BATCH;AUDIT_BATCH_NOT_IN_IMAGE_EXPORT_TABLE;[BATCH|https://www.familysearch.org/indexing/admin-new/#/projects/A05A206D-7A0D-4647-B29D-6B7438AA610A/manage/E9BC745A-0BF7-4866-B892-73A48780AC05/batches/D5D273DC-A563-4688-B05E-BE4A4D0B1011]
DCCD044A-77E2-4F0C-B274-7A5E7650A9F7;BATCH;BATCH_NOT_IN_IMAGE_EXPORT_TABLE;[BATCH|https://www.familysearch.org/indexing/admin-new/#/projects/A05A206D-7A0D-4647-B29D-6B7438AA610A/manage/E9BC745A-0BF7-4866-B892-73A48780AC05/batches/DCCD044A-77E2-4F0C-B274-7A5E7650A9F7]
02F4B7F0-5EBD-4FF5-A7EB-3106D3FBF405;BATCH;BATCH_NOT_IN_IMAGE_EXPORT_TABLE;[BATCH|https://www.familysearch.org/indexing/admin-new/#/projects/A05A206D-7A0D-4647-B29D-6B7438AA610A/manage/E9BC745A-0BF7-4866-B892-73A48780AC05/batches/02F4B7F0-5EBD-4FF5-A7EB-3106D3FBF405]
03A46B46-6980-42B0-8E23-B95A2085BC21;BATCH;BATCH_NOT_IN_IMAGE_EXPORT_TABLE;[BATCH|https://www.familysearch.org/indexing/admin-new/#/projects/A05A206D-7A0D-4647-B29D-6B7438AA610A/manage/E9BC745A-0BF7-4866-B892-73A48780AC05/batches/03A46B46-6980-42B0-8E23-B95A2085BC21]
46C36A43-12FD-4A65-B9DD-BBEE864ED03B;BATCH;BATCH_NOT_IN_IMAGE_EXPORT_TABLE;[BATCH|https://www.familysearch.org/indexing/admin-new/#/projects/A05A206D-7A0D-4647-B29D-6B7438AA610A/manage/E9BC745A-0BF7-4866-B892-73A48780AC05/batches/46C36A43-12FD-4A65-B9DD-BBEE864ED03B]
5E88FEF6-BC24-420C-82F6-5C6545438BA4;BATCH;BATCH_NOT_IN_IMAGE_EXPORT_TABLE;[BATCH|https://www.familysearch.org/indexing/admin-new/#/projects/A05A206D-7A0D-4647-B29D-6B7438AA610A/manage/E9BC745A-0BF7-4866-B892-73A48780AC05/batches/5E88FEF6-BC24-420C-82F6-5C6545438BA4]
6843A54F-1AE2-4D36-BFFD-F826BE563EA4;BATCH;BATCH_NOT_IN_IMAGE_EXPORT_TABLE;[BATCH|https://www.familysearch.org/indexing/admin-new/#/projects/A05A206D-7A0D-4647-B29D-6B7438AA610A/manage/E9BC745A-0BF7-4866-B892-73A48780AC05/batches/6843A54F-1AE2-4D36-BFFD-F826BE563EA4]
C9473AD7-B2E3-4FC2-A6AB-3E36F72B6D0C;BATCH;BATCH_NOT_IN_IMAGE_EXPORT_TABLE;[BATCH|https://www.familysearch.org/indexing/admin-new/#/projects/A05A206D-7A0D-4647-B29D-6B7438AA610A/manage/E9BC745A-0BF7-4866-B892-73A48780AC05/batches/C9473AD7-B2E3-4FC2-A6AB-3E36F72B6D0C]
E9424F1E-8C45-4B72-9486-24AA7CA1584F;BATCH;BATCH_NOT_IN_IMAGE_EXPORT_TABLE;[BATCH|https://www.familysearch.org/indexing/admin-new/#/projects/A05A206D-7A0D-4647-B29D-6B7438AA610A/manage/E9BC745A-0BF7-4866-B892-73A48780AC05/batches/E9424F1E-8C45-4B72-9486-24AA7CA1584F]
6F54B0B8-C78C-4EF7-9570-0A8B59F269A9;BATCH;BATCH_NOT_IN_IMAGE_EXPORT_TABLE;[BATCH|https://www.familysearch.org/indexing/admin-new/#/projects/A05A206D-7A0D-4647-B29D-6B7438AA610A/manage/E9BC745A-0BF7-4866-B892-73A48780AC05/batches/6F54B0B8-C78C-4EF7-9570-0A8B59F269A9]
ABA9DFB0-6202-4388-875C-819880D3DF12;BATCH;AUDIT_BATCH_NOT_IN_IMAGE_EXPORT_TABLE;[BATCH|https://www.familysearch.org/indexing/admin-new/#/projects/A05A206D-7A0D-4647-B29D-6B7438AA610A/manage/E9BC745A-0BF7-4866-B892-73A48780AC05/batches/ABA9DFB0-6202-4388-875C-819880D3DF12]
EFAD2418-CA50-4818-9A2F-F92B35495A32;BATCH;BATCH_NOT_IN_IMAGE_EXPORT_TABLE;[BATCH|https://www.familysearch.org/indexing/admin-new/#/projects/A05A206D-7A0D-4647-B29D-6B7438AA610A/manage/E9BC745A-0BF7-4866-B892-73A48780AC05/batches/EFAD2418-CA50-4818-9A2F-F92B35495A32]
497F172F-00C9-486A-9A49-F8612ED424BD;BATCH;BATCH_NOT_IN_IMAGE_EXPORT_TABLE;[BATCH|https://www.familysearch.org/indexing/admin-new/#/projects/A05A206D-7A0D-4647-B29D-6B7438AA610A/manage/E9BC745A-0BF7-4866-B892-73A48780AC05/batches/497F172F-00C9-486A-9A49-F8612ED424BD]
AD351D3E-37BF-4BAE-ACA9-38032F777E5A;BATCH;BATCH_NOT_IN_IMAGE_EXPORT_TABLE;[BATCH|https://www.familysearch.org/indexing/admin-new/#/projects/A05A206D-7A0D-4647-B29D-6B7438AA610A/manage/E9BC745A-0BF7-4866-B892-73A48780AC05/batches/AD351D3E-37BF-4BAE-ACA9-38032F777E5A]
462B7A5E-76BA-4A02-BC19-CACED736AC15;BATCH;BATCH_NOT_IN_IMAGE_EXPORT_TABLE;[BATCH|https://www.familysearch.org/indexing/admin-new/#/projects/A05A206D-7A0D-4647-B29D-6B7438AA610A/manage/E9BC745A-0BF7-4866-B892-73A48780AC05/batches/462B7A5E-76BA-4A02-BC19-CACED736AC15]
9A86F0FF-C81D-40E4-AEAE-5A60665F2638;BATCH;BATCH_NOT_IN_IMAGE_EXPORT_TABLE;[BATCH|https://www.familysearch.org/indexing/admin-new/#/projects/A05A206D-7A0D-4647-B29D-6B7438AA610A/manage/E9BC745A-0BF7-4866-B892-73A48780AC05/batches/9A86F0FF-C81D-40E4-AEAE-5A60665F2638]
55819AFA-9888-48CC-B8F8-C86B8AA159F8;BATCH;BATCH_NOT_IN_IMAGE_EXPORT_TABLE;[BATCH|https://www.familysearch.org/indexing/admin-new/#/projects/A05A206D-7A0D-4647-B29D-6B7438AA610A/manage/E9BC745A-0BF7-4866-B892-73A48780AC05/batches/55819AFA-9888-48CC-B8F8-C86B8AA159F8]
5F9CB14A-33A1-4657-A905-8A7EB3FE941B;BATCH;BATCH_NOT_IN_IMAGE_EXPORT_TABLE;[BATCH|https://www.familysearch.org/indexing/admin-new/#/projects/A05A206D-7A0D-4647-B29D-6B7438AA610A/manage/E9BC745A-0BF7-4866-B892-73A48780AC05/batches/5F9CB14A-33A1-4657-A905-8A7EB3FE941B]
5C7803E3-CF63-452E-8C85-7512CE627027;BATCH;BATCH_NOT_IN_IMAGE_EXPORT_TABLE;[BATCH|https://www.familysearch.org/indexing/admin-new/#/projects/A05A206D-7A0D-4647-B29D-6B7438AA610A/manage/E9BC745A-0BF7-4866-B892-73A48780AC05/batches/5C7803E3-CF63-452E-8C85-7512CE627027]
C44C6161-863E-48E5-A053-55320DB30B07;BATCH;BATCH_NOT_IN_IMAGE_EXPORT_TABLE;[BATCH|https://www.familysearch.org/indexing/admin-new/#/projects/A05A206D-7A0D-4647-B29D-6B7438AA610A/manage/E9BC745A-0BF7-4866-B892-73A48780AC05/batches/C44C6161-863E-48E5-A053-55320DB30B07]
71B8CD74-EEDA-4B45-BE89-5DB576BB9E9F;BATCH;BATCH_NOT_IN_IMAGE_EXPORT_TABLE;[BATCH|https://www.familysearch.org/indexing/admin-new/#/projects/A05A206D-7A0D-4647-B29D-6B7438AA610A/manage/E9BC745A-0BF7-4866-B892-73A48780AC05/batches/71B8CD74-EEDA-4B45-BE89-5DB576BB9E9F]
78098365-736D-4A07-8B3B-2B928F502EA4;BATCH;BATCH_NOT_IN_IMAGE_EXPORT_TABLE;[BATCH|https://www.familysearch.org/indexing/admin-new/#/projects/A05A206D-7A0D-4647-B29D-6B7438AA610A/manage/E9BC745A-0BF7-4866-B892-73A48780AC05/batches/78098365-736D-4A07-8B3B-2B928F502EA4]
BDE978CB-3609-4BC6-AE0A-0731BB63605E;BATCH;BATCH_NOT_IN_IMAGE_EXPORT_TABLE;[BATCH|https://www.familysearch.org/indexing/admin-new/#/projects/A05A206D-7A0D-4647-B29D-6B7438AA610A/manage/E9BC745A-0BF7-4866-B892-73A48780AC05/batches/BDE978CB-3609-4BC6-AE0A-0731BB63605E]
004407220_00096 (imageset: E9BC745A-0BF7-4866-B892-73A48780AC05);IMAGE;IMAGE_NOT_IN_IMAGE_EXPORT_TABLE \\ IMAGE_NO_INDEXING_BATCH;[IMAGE|https://www.familysearch.org/indexing/admin-new/#/projects/A05A206D-7A0D-4647-B29D-6B7438AA610A/manage/E9BC745A-0BF7-4866-B892-73A48780AC05/batches/0F875A1C-195B-4C75-9E61-983340F1E132]
004407220_00093 (imageset: E9BC745A-0BF7-4866-B892-73A48780AC05);IMAGE;IMAGE_NOT_IN_IMAGE_EXPORT_TABLE \\ IMAGE_NO_INDEXING_BATCH;[IMAGE|https://www.familysearch.org/indexing/admin-new/#/projects/A05A206D-7A0D-4647-B29D-6B7438AA610A/manage/E9BC745A-0BF7-4866-B892-73A48780AC05/batches/0F875A1C-195B-4C75-9E61-983340F1E132]
004407220_00094 (imageset: E9BC745A-0BF7-4866-B892-73A48780AC05);IMAGE;IMAGE_NOT_IN_IMAGE_EXPORT_TABLE \\ IMAGE_NO_INDEXING_BATCH;[IMAGE|https://www.familysearch.org/indexing/admin-new/#/projects/A05A206D-7A0D-4647-B29D-6B7438AA610A/manage/E9BC745A-0BF7-4866-B892-73A48780AC05/batches/0F875A1C-195B-4C75-9E61-983340F1E132]
004407220_00095 (imageset: E9BC745A-0BF7-4866-B892-73A48780AC05);IMAGE;IMAGE_NOT_IN_IMAGE_EXPORT_TABLE \\ IMAGE_NO_INDEXING_BATCH;[IMAGE|https://www.familysearch.org/indexing/admin-new/#/projects/A05A206D-7A0D-4647-B29D-6B7438AA610A/manage/E9BC745A-0BF7-4866-B892-73A48780AC05/batches/0F875A1C-195B-4C75-9E61-983340F1E132]
004407220_00198 (imageset: E9BC745A-0BF7-4866-B892-73A48780AC05);IMAGE;IMAGE_NOT_IN_IMAGE_EXPORT_TABLE \\ IMAGE_NO_INDEXING_BATCH;[IMAGE|https://www.familysearch.org/indexing/admin-new/#/projects/A05A206D-7A0D-4647-B29D-6B7438AA610A/manage/E9BC745A-0BF7-4866-B892-73A48780AC05/batches/0F875A1C-195B-4C75-9E61-983340F1E132]
004407220_00189 (imageset: E9BC745A-0BF7-4866-B892-73A48780AC05);IMAGE;IMAGE_NOT_IN_IMAGE_EXPORT_TABLE \\ IMAGE_NO_INDEXING_BATCH;[IMAGE|https://www.familysearch.org/indexing/admin-new/#/projects/A05A206D-7A0D-4647-B29D-6B7438AA610A/manage/E9BC745A-0BF7-4866-B892-73A48780AC05/batches/0F875A1C-195B-4C75-9E61-983340F1E132]
A05A206D-7A0D-4647-B29D-6B7438AA610A;PROJECT;PROJECT_BATCH_COUNTS_ARE_NOT_EQUAL \\ PROJECT_AUDIT_BATCH_COUNTS_ARE_NOT_EQUAL \\ PROJECT_IMAGE_COUNTS_ARE_NOT_EQUAL \\ PROJECT_NO_BLOCKED_IMAGES;[PROJECT|https://www.familysearch.org/indexing/admin-new/#/projects/A05A206D-7A0D-4647-B29D-6B7438AA610A/overview]
004407220_00178 (imageset: E9BC745A-0BF7-4866-B892-73A48780AC05);IMAGE;IMAGE_NOT_IN_IMAGE_EXPORT_TABLE \\ IMAGE_NO_INDEXING_BATCH;[IMAGE|https://www.familysearch.org/indexing/admin-new/#/projects/A05A206D-7A0D-4647-B29D-6B7438AA610A/manage/E9BC745A-0BF7-4866-B892-73A48780AC05/batches/0F875A1C-195B-4C75-9E61-983340F1E132]
004407220_00179 (imageset: E9BC745A-0BF7-4866-B892-73A48780AC05);IMAGE;IMAGE_NOT_IN_IMAGE_EXPORT_TABLE \\ IMAGE_NO_INDEXING_BATCH;[IMAGE|https://www.familysearch.org/indexing/admin-new/#/projects/A05A206D-7A0D-4647-B29D-6B7438AA610A/manage/E9BC745A-0BF7-4866-B892-73A48780AC05/batches/0F875A1C-195B-4C75-9E61-983340F1E132]
004407220_00169 (imageset: E9BC745A-0BF7-4866-B892-73A48780AC05);IMAGE;IMAGE_NOT_IN_IMAGE_EXPORT_TABLE \\ IMAGE_NO_INDEXING_BATCH;[IMAGE|https://www.familysearch.org/indexing/admin-new/#/projects/A05A206D-7A0D-4647-B29D-6B7438AA610A/manage/E9BC745A-0BF7-4866-B892-73A48780AC05/batches/0F875A1C-195B-4C75-9E61-983340F1E132]
004407220_00283 (imageset: E9BC745A-0BF7-4866-B892-73A48780AC05);IMAGE;IMAGE_NOT_IN_IMAGE_EXPORT_TABLE \\ IMAGE_NO_INDEXING_BATCH;[IMAGE|https://www.familysearch.org/indexing/admin-new/#/projects/A05A206D-7A0D-4647-B29D-6B7438AA610A/manage/E9BC745A-0BF7-4866-B892-73A48780AC05/batches/0F875A1C-195B-4C75-9E61-983340F1E132]
004407220_00284 (imageset: E9BC745A-0BF7-4866-B892-73A48780AC05);IMAGE;IMAGE_NOT_IN_IMAGE_EXPORT_TABLE \\ IMAGE_NO_INDEXING_BATCH;[IMAGE|https://www.familysearch.org/indexing/admin-new/#/projects/A05A206D-7A0D-4647-B29D-6B7438AA610A/manage/E9BC745A-0BF7-4866-B892-73A48780AC05/batches/0F875A1C-195B-4C75-9E61-983340F1E132]
004407220_00163 (imageset: E9BC745A-0BF7-4866-B892-73A48780AC05);IMAGE;IMAGE_NOT_IN_IMAGE_EXPORT_TABLE \\ IMAGE_NO_INDEXING_BATCH;[IMAGE|https://www.familysearch.org/indexing/admin-new/#/projects/A05A206D-7A0D-4647-B29D-6B7438AA610A/manage/E9BC745A-0BF7-4866-B892-73A48780AC05/batches/0F875A1C-195B-4C75-9E61-983340F1E132]
004407220_00280 (imageset: E9BC745A-0BF7-4866-B892-73A48780AC05);IMAGE;IMAGE_NOT_IN_IMAGE_EXPORT_TABLE \\ IMAGE_NO_INDEXING_BATCH;[IMAGE|https://www.familysearch.org/indexing/admin-new/#/projects/A05A206D-7A0D-4647-B29D-6B7438AA610A/manage/E9BC745A-0BF7-4866-B892-73A48780AC05/batches/0F875A1C-195B-4C75-9E61-983340F1E132]
004407220_00281 (imageset: E9BC745A-0BF7-4866-B892-73A48780AC05);IMAGE;IMAGE_NOT_IN_IMAGE_EXPORT_TABLE \\ IMAGE_NO_INDEXING_BATCH;[IMAGE|https://www.familysearch.org/indexing/admin-new/#/projects/A05A206D-7A0D-4647-B29D-6B7438AA610A/manage/E9BC745A-0BF7-4866-B892-73A48780AC05/batches/0F875A1C-195B-4C75-9E61-983340F1E132]
004407220_00282 (imageset: E9BC745A-0BF7-4866-B892-73A48780AC05);IMAGE;IMAGE_NOT_IN_IMAGE_EXPORT_TABLE \\ IMAGE_NO_INDEXING_BATCH;[IMAGE|https://www.familysearch.org/indexing/admin-new/#/projects/A05A206D-7A0D-4647-B29D-6B7438AA610A/manage/E9BC745A-0BF7-4866-B892-73A48780AC05/batches/0F875A1C-195B-4C75-9E61-983340F1E132]
004407220_00276 (imageset: E9BC745A-0BF7-4866-B892-73A48780AC05);IMAGE;IMAGE_NOT_IN_IMAGE_EXPORT_TABLE \\ IMAGE_NO_INDEXING_BATCH;[IMAGE|https://www.familysearch.org/indexing/admin-new/#/projects/A05A206D-7A0D-4647-B29D-6B7438AA610A/manage/E9BC745A-0BF7-4866-B892-73A48780AC05/batches/0F875A1C-195B-4C75-9E61-983340F1E132]
004407220_00277 (imageset: E9BC745A-0BF7-4866-B892-73A48780AC05);IMAGE;IMAGE_NOT_IN_IMAGE_EXPORT_TABLE \\ IMAGE_NO_INDEXING_BATCH;[IMAGE|https://www.familysearch.org/indexing/admin-new/#/projects/A05A206D-7A0D-4647-B29D-6B7438AA610A/manage/E9BC745A-0BF7-4866-B892-73A48780AC05/batches/0F875A1C-195B-4C75-9E61-983340F1E132]
004407220_00278 (imageset: E9BC745A-0BF7-4866-B892-73A48780AC05);IMAGE;IMAGE_NOT_IN_IMAGE_EXPORT_TABLE \\ IMAGE_NO_INDEXING_BATCH;[IMAGE|https://www.familysearch.org/indexing/admin-new/#/projects/A05A206D-7A0D-4647-B29D-6B7438AA610A/manage/E9BC745A-0BF7-4866-B892-73A48780AC05/batches/0F875A1C-195B-4C75-9E61-983340F1E132]
004407220_00279 (imageset: E9BC745A-0BF7-4866-B892-73A48780AC05);IMAGE;IMAGE_NOT_IN_IMAGE_EXPORT_TABLE \\ IMAGE_NO_INDEXING_BATCH;[IMAGE|https://www.familysearch.org/indexing/admin-new/#/projects/A05A206D-7A0D-4647-B29D-6B7438AA610A/manage/E9BC745A-0BF7-4866-B892-73A48780AC05/batches/0F875A1C-195B-4C75-9E61-983340F1E132]
004407220_00272 (imageset: E9BC745A-0BF7-4866-B892-73A48780AC05);IMAGE;IMAGE_NOT_IN_IMAGE_EXPORT_TABLE \\ IMAGE_NO_INDEXING_BATCH;[IMAGE|https://www.familysearch.org/indexing/admin-new/#/projects/A05A206D-7A0D-4647-B29D-6B7438AA610A/manage/E9BC745A-0BF7-4866-B892-73A48780AC05/batches/0F875A1C-195B-4C75-9E61-983340F1E132]
004407220_00273 (imageset: E9BC745A-0BF7-4866-B892-73A48780AC05);IMAGE;IMAGE_NOT_IN_IMAGE_EXPORT_TABLE \\ IMAGE_NO_INDEXING_BATCH;[IMAGE|https://www.familysearch.org/indexing/admin-new/#/projects/A05A206D-7A0D-4647-B29D-6B7438AA610A/manage/E9BC745A-0BF7-4866-B892-73A48780AC05/batches/0F875A1C-195B-4C75-9E61-983340F1E132]
004407220_00031 (imageset: E9BC745A-0BF7-4866-B892-73A48780AC05);IMAGE;IMAGE_NOT_IN_IMAGE_EXPORT_TABLE \\ IMAGE_NO_INDEXING_BATCH;[IMAGE|https://www.familysearch.org/indexing/admin-new/#/projects/A05A206D-7A0D-4647-B29D-6B7438AA610A/manage/E9BC745A-0BF7-4866-B892-73A48780AC05/batches/0F875A1C-195B-4C75-9E61-983340F1E132]
004407220_00274 (imageset: E9BC745A-0BF7-4866-B892-73A48780AC05);IMAGE;IMAGE_NOT_IN_IMAGE_EXPORT_TABLE \\ IMAGE_NO_INDEXING_BATCH;[IMAGE|https://www.familysearch.org/indexing/admin-new/#/projects/A05A206D-7A0D-4647-B29D-6B7438AA610A/manage/E9BC745A-0BF7-4866-B892-73A48780AC05/batches/0F875A1C-195B-4C75-9E61-983340F1E132]
004407220_00275 (imageset: E9BC745A-0BF7-4866-B892-73A48780AC05);IMAGE;IMAGE_NOT_IN_IMAGE_EXPORT_TABLE \\ IMAGE_NO_INDEXING_BATCH;[IMAGE|https://www.familysearch.org/indexing/admin-new/#/projects/A05A206D-7A0D-4647-B29D-6B7438AA610A/manage/E9BC745A-0BF7-4866-B892-73A48780AC05/batches/0F875A1C-195B-4C75-9E61-983340F1E132]
004407220_00270 (imageset: E9BC745A-0BF7-4866-B892-73A48780AC05);IMAGE;IMAGE_NOT_IN_IMAGE_EXPORT_TABLE \\ IMAGE_NO_INDEXING_BATCH;[IMAGE|https://www.familysearch.org/indexing/admin-new/#/projects/A05A206D-7A0D-4647-B29D-6B7438AA610A/manage/E9BC745A-0BF7-4866-B892-73A48780AC05/batches/0F875A1C-195B-4C75-9E61-983340F1E132]
004407220_00271 (imageset: E9BC745A-0BF7-4866-B892-73A48780AC05);IMAGE;IMAGE_NOT_IN_IMAGE_EXPORT_TABLE \\ IMAGE_NO_INDEXING_BATCH;[IMAGE|https://www.familysearch.org/indexing/admin-new/#/projects/A05A206D-7A0D-4647-B29D-6B7438AA610A/manage/E9BC745A-0BF7-4866-B892-73A48780AC05/batches/0F875A1C-195B-4C75-9E61-983340F1E132]
