;Date Time Fetched;Traveler ID;Project UUID;Project Id;Short Name;Items to inspect;Inspection Notes;Imageset Count;Batch Count;Audit Batch Count;Image Count;Record Count;State;Export States;Export State Diffs
303;2021-05-06 17:09:02;17-1258;624CC290-5A21-4CFA-9781-F54B720CAE4F;2358;Brasil, Rio de Janeiro—Registro Civil, Óbitos, 1900–2012 \[Parte B\];{color:red}image count: 126676!=126678\\blocked image count: 2913!=2911\\# of issues: 6\\{color};{color:red}[624CC290-5A21-4CFA-9781-F54B720CAE4F|624CC290-5A21-4CFA-9781-F54B720CAE4F] \\ The first and last image batch are not blocked and are not associated with an indexing batch, they have no extratable data{color};331;26138;1243;126678;157305;READY_FOR_DELIVERY;ACCEPTED: 123266\\ {color:red}EXPORTED: 210{color}\\NA_AUDIT: 6183\\NA_BLOCKED: 2913\\NA_DUPLICATE: 16\\NA_NED: 207\\ {color:red}NOT_EXPORTED: 1{color}\\NE_NO_PERSONAS: 65;
308;2021-05-06 16:32:57;13-1155;4F02B9D9-1261-4C3E-AE4A-D6F57446986D;564;Brasil, São Paulo—Cartões de Imigração, 1938–1980 \[Parte 2J\];{color:red}batches w/too many images: \\7654196C-35F0-4CAA-B4FC-2F997B61D12A : 400\\# of issues: 2\\{color};{color:red}[4F02B9D9-1261-4C3E-AE4A-D6F57446986D|4F02B9D9-1261-4C3E-AE4A-D6F57446986D] \\ The batch with too many images is correct, has been exported successfully, and does not need re-export.{color};100;3992;191;71127;35543;READY_FOR_DELIVERY;ACCEPTED: 31593\\ {color:red}EXPORTED: 1786{color}\\NA_AUDIT: 1740\\NA_BLOCKED: 35579\\NA_DUPLICATE: 190\\NA_NED: 18\\NE_NO_PERSONAS: 1961;
368;2021-05-06 17:04:52;17-0410;3FD8C214-33A8-4871-B662-EF52CE01A802;3401;Brazil, São Paulo—Civil Registration, 1907-1995 \[Part BJ\];{color:red}image count: 115055!=115057\\# of issues: 5\\{color};{color:red}[3FD8C214-33A8-4871-B662-EF52CE01A802|3FD8C214-33A8-4871-B662-EF52CE01A802] \\ has 2 images that do not have indexing batches, but they are duplicate{color};500;39333;1864;115057;112286;READY_FOR_DELIVERY;ACCEPTED: 111228\\ {color:red}EXPORTED: 65{color}\\NA_AUDIT: 5582\\NA_BLOCKED: 3162\\NA_DUPLICATE: 392\\NA_NED: 173\\ {color:red}NOT_EXPORTED: 1{color}\\NE_NO_PERSONAS: 35;
414;2021-05-06 17:22:35;18-1017;EB663007-5FE1-4DD4-878F-1829B3E08D3A;2746;Chile—Registros de cementerios, 1880–2015 \[Part A\];{color:red}batches w/too many images: \\1871EE52-7E56-4CAA-A5D8-610488400342 : 436\\# of issues: 2\\{color};{color:red}[EB663007-5FE1-4DD4-878F-1829B3E08D3A|EB663007-5FE1-4DD4-878F-1829B3E08D3A] \\ The batch with too many images is correct, has been exported successfully, and does not need re-export.{color};470;38014;1799;192191;108371;READY_FOR_DELIVERY;ACCEPTED: 48284\\ {color:red}EXPORTED: 37{color}\\NA_AUDIT: 7795\\NA_BLOCKED: 34878\\NA_DUPLICATE: 4253\\NA_NED: 104675\\NE_NO_PERSONAS: 64;
750;2021-05-06 18:19:35;20-0633;195A3D1E-CDD9-435E-8D2B-461C8D4F98BC;4334;Peru, Piura—Civil Registration, 1874–1996 \[Part E\];{color:red}batches w/too many images: \\7A25E2F0-4F08-4BE4-8ECD-496BA52F2759 : 495\\# of issues: 2\\{color};{color:red}[195A3D1E-CDD9-435E-8D2B-461C8D4F98BC|195A3D1E-CDD9-435E-8D2B-461C8D4F98BC] \\ The batch with too many images is correct, has been exported successfully, and does not need re-export.{color};300;31463;1493;132818;120476;READY_FOR_DELIVERY;ACCEPTED: 119614\\IN_PROGRESS: 3\\NA_AUDIT: 5950\\NA_BLOCKED: 12509\\NA_DUPLICATE: 48\\NA_NED: 511\\NE_NO_PERSONAS: 133;
751;2021-05-06 18:19:46;20-0633;8AF12DDC-42A0-4D85-ABD6-9120971B29CE;4336;Peru, Piura—Civil Registration, 1874–1996 \[Part F\];{color:red}batches w/too many images: \\E144A53A-0DE1-4DA4-BEC3-744B721F8538 : 394\\# of issues: 2\\{color};{color:red}[8AF12DDC-42A0-4D85-ABD6-9120971B29CE|8AF12DDC-42A0-4D85-ABD6-9120971B29CE] \\ The batch with too many images is correct, has been exported successfully, and does not need re-export.{color};299;25394;1205;105200;96829;READY_FOR_DELIVERY;ACCEPTED: 95730\\NA_AUDIT: 4801\\NA_BLOCKED: 8496\\NA_DUPLICATE: 27\\NA_NED: 348\\NE_NO_PERSONAS: 599;
827;2021-05-06 17:01:38;16-1442;9B4EABA8-CC2B-4C97-B0BE-62C016C690B2;2385;Perú, Junin—Registros Civiles, Nacimientos, 1890—1999 \[Parte L\];{color:red}image count: 137335!=137355\\# of issues: 41\\{color};{color:red}[9B4EABA8-CC2B-4C97-B0BE-62C016C690B2|9B4EABA8-CC2B-4C97-B0BE-62C016C690B2] \\ We will let indexing-on-the-fly handle these{color};500;102447;4869;137355;130487;READY_FOR_DELIVERY;ACCEPTED: 126971\\ {color:red}EXPORTED: 98{color}\\NA_AUDIT: 6413\\NA_BLOCKED: 8954\\NA_DUPLICATE: 146\\NA_NED: 1100\\ {color:red}NOT_EXPORTED: 1{color}\\NE_NO_PERSONAS: 65;
897;2021-05-06 16:40:12;15-0724;C4F542D4-BE18-416A-B38B-9BE31ADA5FE9;1654;South Africa, Cape Province—Death Notices, 1834–1989 \[Part B\];{color:red}batches w/too many images: \\DA8C903B-AF38-4628-BF20-BEBDF84C9B25 : 413\\2EBAAADB-0B42-4A46-A193-9E111FDD2B70 : 502\\# of issues: 6\\{color};{color:red}[C4F542D4-BE18-416A-B38B-9BE31ADA5FE9|C4F542D4-BE18-416A-B38B-9BE31ADA5FE9] \\ 2 images will be indexed by the readiness team{color};555;33992;1599;878309;1889541;READY_FOR_DELIVERY;ACCEPTED: 278711\\ {color:red}EXPORTED: 437{color}\\NA_AUDIT: 14567\\NA_BLOCKED: 582576\\NA_DUPLICATE: 10715\\NA_NED: 5929\\NE_NO_PERSONAS: 109;
899;2021-05-06 16:29:33;13-0231;A25AE7EC-61DC-4751-A138-273FE5802830;1879;South Africa, Cape Province—Death Notices, 1895–1972 \[Part C\];{color:red}image count: 592834!=592837\\# of issues: 7\\{color};{color:red}[A25AE7EC-61DC-4751-A138-273FE5802830|A25AE7EC-61DC-4751-A138-273FE5802830] \\ 3 images with no indexing batch, they have no extractable data{color};198;61097;2908;592837;951098;READY_FOR_DELIVERY;ACCEPTED: 567448\\ {color:red}EXPORTED: 87{color}\\NA_AUDIT: 28720\\NA_BLOCKED: 18378\\NA_DUPLICATE: 6337\\NA_NED: 578\\NE_NO_PERSONAS: 6;ACCEPTED: 10\\ {color:red}NOT_EXPORTED: -10{color}
919;2021-05-06 17:00:51;16-1441;06660EB2-3409-4817-8124-84FA2CCFB5DE;1718;South Africa, Transvaal—Marriage Records, 1870–1930;{color:red}image count: 534102!=554206\\# of issues: 60313\\{color};{color:red}[06660EB2-3409-4817-8124-84FA2CCFB5DE|06660EB2-3409-4817-8124-84FA2CCFB5DE] \\ A Part B project has been created to index missing images{color};177;55628;2645;554206;254673;READY_FOR_DELIVERY;ACCEPTED: 253506\\ {color:red}EXPORTED: 17{color}\\NA_AUDIT: 26186\\NA_BLOCKED: 9773\\NA_DUPLICATE: 269583\\NA_NED: 1083\\NE_NO_PERSONAS: 140;
1038;2021-05-06 17:00:22;16-1430;6FA7785F-2E5A-4F49-BDA2-006889DBCDCD;2450;US (Quick Batch), Illinois, Cook County—Marriages, 1921–1964 \[Part M\];{color:red}batches w/too many images: \\29463667-CD98-4344-8132-6BEC211CB9E2 : 398\\F561996C-4251-4367-861C-D4CEDB324065 : 424\\# of issues: 3\\{color};{color:red}[6FA7785F-2E5A-4F49-BDA2-006889DBCDCD|6FA7785F-2E5A-4F49-BDA2-006889DBCDCD] \\ The batch with too many images is correct, has been exported successfully, and does not need re-export.{color};578;293666;13980;575929;286419;READY_FOR_DELIVERY;ACCEPTED: 283018\\ {color:red}EXPORTED: 3036{color}\\NA_AUDIT: 14216\\NA_BLOCKED: 289786\\NA_DUPLICATE: 1\\NA_NED: 88;
1328;2021-05-06 16:59:52;16-1430;1BE40866-7753-41B6-B272-FCF12C4D16BC;1897;US, Illinois, Cook County—Marriages, 1921–1949 \[Part J\];{color:red}batches w/too many images: \\80B90273-DFDB-4174-9658-8B8E5BB6BCD4 : 497\\# of issues: 2\\{color};{color:red}[1BE40866-7753-41B6-B272-FCF12C4D16BC|1BE40866-7753-41B6-B272-FCF12C4D16BC] \\ The batch with too many images is correct, has been exported successfully, and does not need re-export.{color};282;15416;742;280734;139864;READY_FOR_DELIVERY;ACCEPTED: 139669\\ {color:red}EXPORTED: 5{color}\\NA_AUDIT: 7079\\NA_BLOCKED: 140923\\NA_DUPLICATE: 29\\NA_NED: 107\\NE_NO_PERSONAS: 1;
1438;2021-05-06 16:52:54;16-0530;62BB214E-B0A5-489C-BA43-3058A190C46F;1917;US, Kansas—1915 State Census \[Part A\];{color:red}image count: 305051!=305052\\# of issues: 3\\{color};{color:red}[62BB214E-B0A5-489C-BA43-3058A190C46F|62BB214E-B0A5-489C-BA43-3058A190C46F] \\ 1 image missing, it has no extractable data{color};271;56485;2686;305052;1686596;READY_FOR_DELIVERY;ACCEPTED: 48362\\ {color:red}EXPORTED: 5428{color}\\NA_AUDIT: 5360\\NA_BLOCKED: 197654\\NA_DUPLICATE: 308\\NA_NED: 52288\\ {color:red}NOT_EXPORTED: 1{color}\\NE_NO_PERSONAS: 1010;
1636;2021-05-06 16:51:29;16-0473;A21328DF-DA70-4950-91AA-8E68B749FFBC;2276;US, New Jersey—Naturalization Records, 1796–1991 \[Part I\];{color:red}image count: 97819!=97823\\# of issues: 9\\{color};{color:red}[A21328DF-DA70-4950-91AA-8E68B749FFBC|A21328DF-DA70-4950-91AA-8E68B749FFBC] \\ We will let indexing-on-the-fly handle these{color};489;55750;2649;97823;57682;READY_FOR_DELIVERY;ACCEPTED: 54945\\ {color:red}EXPORTED: 12{color}\\NA_AUDIT: 3496\\NA_BLOCKED: 26854\\NA_DUPLICATE: 87\\NA_NED: 15845\\ {color:red}NOT_EXPORTED: 2{color}\\NE_NO_PERSONAS: 130;
1691;2021-05-06 16:25:55;12-0490;5424424A-9832-4749-BC4E-7DEDB2078FDC;2380;US, New York—County Naturalization Records, 1792–1976 \[Part K\];{color:red}batches w/too many images: \\1BB5BF5E-5DB2-4EDD-9A46-ED8183887BF7 : 427\\# of issues: 2\\{color};{color:red}[5424424A-9832-4749-BC4E-7DEDB2078FDC|5424424A-9832-4749-BC4E-7DEDB2078FDC] \\ The batch with too many images is correct, has been exported successfully, and does not need re-export.{color};88;29456;1402;107658;91934;READY_FOR_DELIVERY;ACCEPTED: 65406\\ {color:red}EXPORTED: 13{color}\\NA_AUDIT: 3999\\NA_BLOCKED: 26595\\NA_DUPLICATE: 1873\\NA_NED: 13742\\NE_NO_PERSONAS: 29;
1934;2021-05-06 16:37:00;14-0854;180E49FD-2D50-41CB-89C4-6B89B1D4C68C;635;US, Utah—Birth Certificates, 1903–1910 \[Part 1D\];{color:red}image count: 14089!=14090\\# of issues: 3\\{color};{color:red}[180E49FD-2D50-41CB-89C4-6B89B1D4C68C|180E49FD-2D50-41CB-89C4-6B89B1D4C68C] \\ image was not indexed, but a similar record is on record search so will not index{color};297;1579;64;14090;13206;READY_FOR_DELIVERY;ACCEPTED: 13130\\NA_AUDIT: 542\\NA_BLOCKED: 873\\NA_DUPLICATE: 36\\NA_NED: 49\\NE_NO_PERSONAS: 1;
2021;2021-05-06 17:11:59;18-0127;BBAAD840-13AA-4D2A-A481-583F595F2ECB;2334;US, Wisconsin—Birth Records, 1964–1980;{color:red}image count: 1241499!=1241699\\# of issues: 401\\{color};{color:red}[BBAAD840-13AA-4D2A-A481-583F595F2ECB|BBAAD840-13AA-4D2A-A481-583F595F2ECB] \\ 200 images added to another project and indexed, ignore these{color};485;640135;30474;1241699;1227199;READY_FOR_DELIVERY;ACCEPTED: 1221220\\ {color:red}EXPORTED: 392{color}\\IN_PROGRESS: 2563\\NA_AUDIT: 61472\\NA_BLOCKED: 14105\\NA_DUPLICATE: 170\\NA_NED: 5494\\ {color:red}NOT_EXPORTED: 1{color}\\NE_NO_PERSONAS: 117;
2073;2021-05-06 16:39:27;15-0609;88FA91C6-B479-4602-9D1C-86019C0896F7;1628;US—Freedmen’s Bureau, Hospital Records, 1865–1872 \[Part B\];{color:red}batches w/too many images: \\6C34FA8D-663C-4D27-BCB8-5AB79C4AF12A : 421\\# of issues: 2\\{color};{color:red}[88FA91C6-B479-4602-9D1C-86019C0896F7|88FA91C6-B479-4602-9D1C-86019C0896F7] \\ The batch with too many images is correct, has been exported successfully, and does not need re-export.{color};51;9026;428;53399;51354;READY_FOR_DELIVERY;ACCEPTED: 1365\\ {color:red}EXPORTED: 19{color}\\NA_AUDIT: 576\\NA_BLOCKED: 41154\\NA_DUPLICATE: 20\\NA_NED: 10800\\ {color:red}NOT_EXPORTED: 2{color}\\NE_NO_PERSONAS: 39;
2086;2021-05-06 17:15:17;18-0357;E05A500C-35BE-41D9-854F-7BBE533582BF;2475;US—Newsbank, Death Records, 1815–2011;{color:red}image count: 91512!=91514\\# of issues: 5\\{color};{color:red}[E05A500C-35BE-41D9-854F-7BBE533582BF|E05A500C-35BE-41D9-854F-7BBE533582BF] \\ 2 different kind of images with no indexing batch, don't need to be indexed{color};101;18658;888;91514;536801;READY_FOR_DELIVERY;ACCEPTED: 87460\\ {color:red}EXPORTED: 396{color}\\NA_AUDIT: 4491\\NA_BLOCKED: 1282\\NA_DUPLICATE: 152\\NA_NED: 2219\\NE_NO_PERSONAS: 3;
2132;2021-05-06 17:05:26;17-0542;9F551B7B-D283-4E0C-8D1D-E3107EC837EC;2189;Venezuela, Archdiocese of Valencia—Catholic Church Records, 1924—2014 \[Part B\];{color:red}batches w/too many images: \\E974B211-87EC-4C9D-9241-F5A3B348B15B : 396\\# of issues: 2\\{color};{color:red}[9F551B7B-D283-4E0C-8D1D-E3107EC837EC|9F551B7B-D283-4E0C-8D1D-E3107EC837EC] \\ The batch with too many images is correct, has been exported successfully, and does not need re-export.{color};753;70228;3345;342536;770426;READY_FOR_DELIVERY;ACCEPTED: 278079\\ {color:red}EXPORTED: 60{color}\\IN_PROGRESS: 34\\NA_AUDIT: 14267\\NA_BLOCKED: 55872\\NA_DUPLICATE: 337\\NA_NED: 8076\\ {color:red}NOT_EXPORTED: 1{color}\\NE_NO_PERSONAS: 77;
2133;2021-05-06 17:05:35;17-0542;7838FF6D-99FE-44D5-9FCC-7724B57A72E6;2448;Venezuela, Archdiocese of Valencia—Catholic Church Records, 1924—2014 \[Part D\];{color:red}image count: 57219!=57224\\# of issues: 16\\{color};{color:red}[7838FF6D-99FE-44D5-9FCC-7724B57A72E6|7838FF6D-99FE-44D5-9FCC-7724B57A72E6] \\ We will let indexing-on-the-fly handle these{color};145;10803;508;57224;145636;READY_FOR_DELIVERY;ACCEPTED: 51695\\ {color:red}EXPORTED: 70{color}\\NA_AUDIT: 2544\\NA_BLOCKED: 5360\\NA_DUPLICATE: 8\\NA_NED: 84\\NE_NO_PERSONAS: 2;
